% Model:              oval_geometry.mph
% Version:            COMSOL 6.2.0.339
% Date:               Mar 3 2025, 17:38
% Dimension:          2
% Nodes:              373
% Expressions:        11
% Description:        Dependent variable u
% Length unit:        m
% X,Y,u (1) @ t=0,u (1) @ t=1,u (1) @ t=2,u (1) @ t=3,u (1) @ t=4,u (1) @ t=5,u (1) @ t=6,u (1) @ t=7,u (1) @ t=8,u (1) @ t=9,u (1) @ t=10
-3.001562738051444,0.6678602591870488,0.04602599465752201,0.07323760487333351,0.1127278898819172,0.15795426834342033,0.19752212098470992,0.2224178939621492,0.2329649398792255,0.23420057144368173,0.23111559115890765,0.22694612625727761,0.2234450551272243
-3.141592653589793,0.5,0.04602489036740923,0.056328190899433396,0.08309440445341047,0.11748368275707388,0.15007608293187089,0.17263815241437655,0.18363628789676234,0.186303108411917,0.18461758661589936,0.18152653785618442,0.1786764745140492
-2.921545484532033,0.5345392037988247,0.046035108588633404,0.10666915894339146,0.17045257893305676,0.24005293824644794,0.29885154633365424,0.3341145917236818,0.3477597299101641,0.3480906170903215,0.3426839943888281,0.33612963777763877,0.330859807606236
-2.8539322867037553,0.7328720790751997,0.04602827330632986,0.09002762556516412,0.14374168541338186,0.1984611689981694,0.2411749456926807,0.2641298120126279,0.2712066171534868,0.2694726871863986,0.26452933526288913,0.2593607275286963,0.2554931304434462
-2.656189716159303,0.6428550853478795,0.04603723084046454,0.19319218539474106,0.3237956589660727,0.441627038252364,0.5198682587863459,0.5508075500522734,0.5516746626720607,0.5398143572782995,0.5260668467640655,0.5145470344916084,0.5070684941748045
-2.362278697039252,0.7876794224296068,0.046039646277790024,0.28209652534983853,0.4591043437847809,0.5828471586770313,0.6248740182833603,0.6108684615711601,0.5789910827879189,0.5492781682143326,0.5287912934770369,0.5164467912364605,0.5108572848341638
-2.6597730026336794,0.9918062055625219,0.0460275527307959,0.07158343953534814,0.10343248076391129,0.1300416031604759,0.14458532860144505,0.14859539763970567,0.1470709469530469,0.1437419096962178,0.14061942294274518,0.1382662103997978,0.13688906315510666
-2.325568551535032,1.0925283078984787,0.046030708955623646,0.07789520367937112,0.10729510308879801,0.12178296132547899,0.11977876955089328,0.11176632684613595,0.10388623738712909,0.09832688370754723,0.09524007429943243,0.0938505518288159,0.09358034043314757
-2.056693366704005,0.914561863156921,0.04604321171863214,0.3463013347844428,0.5235720755750608,0.6061741852273932,0.583770609176096,0.5244044232320346,0.469984559215178,0.43304237642569404,0.41305101079430045,0.4041787537030852,0.40241625701103045
-1.7349134240918784,0.9899399070817589,0.04604555386113662,0.3743086010393385,0.5365863529978232,0.5804845055244795,0.5196160866420626,0.44237223304471884,0.38324789926255415,0.3475672330400657,0.3303857449753413,0.3243670805421629,0.32473963857761706
-1.9145868125186847,1.2159883307387545,0.04603267433613494,0.07359607387034804,0.09090181124941109,0.08780187761330803,0.07459984356480144,0.06335691665148822,0.0559861191768189,0.05206047999775427,0.05048622440349154,0.05027455477071909,0.05071805187261868
-3.00111042744334,4.330049616408295,0.046023466393323845,0.0386629256263055,0.05118959473670137,0.0711357711796936,0.09170696757894248,0.10721913541835212,0.1157072003037786,0.11855769683242416,0.11813140137919467,0.1164530742548379,0.11469864831345378
-2.921545484532078,4.465460796201189,0.04601449897058759,0.02799392513875185,0.03668234865645613,0.05118903948552537,0.06641026935349115,0.07808328585847704,0.08458467023461606,0.08684786378416744,0.08660783995425375,0.08539286360973057,0.08409357618423008
-3.141592653589793,4.5,0.04602477468254027,0.05631274007626309,0.08308716532463897,0.11746980415632705,0.15004436854547193,0.1725846600654353,0.183566058266518,0.1862240825984594,0.18453609514149955,0.18144580899245674,0.17859789370400284
-1.4046712329155842,0.9896933653229913,0.046046263461417006,0.376541445555731,0.5400950350423732,0.5846437736379093,0.5236853878615192,0.44607605109769183,0.38659307800658116,0.3506600746864842,0.33333929040343174,0.3272594767470723,0.3276239510175953
-1.484508801739575,1.2608090463624253,0.046034928339191365,0.07198156154408913,0.0851110657038438,0.07658602165300392,0.06151746085674409,0.050616196214235736,0.044154256068921816,0.04100964015460273,0.03991631490506528,0.03998007994958886,0.04052890577806278
-2.8449397038874737,4.265029639305665,0.04602079892882603,0.02684217359286355,0.031111442194053478,0.042119660724132174,0.0546932897290889,0.06499159345407239,0.071199575688287,0.07372564587609126,0.07389742623984201,0.07305624511776819,0.07201300507172867
-2.6561897161593744,4.357144914652155,0.04601073553230121,0.012166724895230525,0.012821020669624213,0.01708275681645598,0.022334193028571318,0.026859778132379507,0.02973478955132747,0.03100659049595038,0.03119644070264714,0.030893942302645822,0.030464145261134102
-1.082983444412623,0.9139119549555442,0.04604829247757427,0.35333170436446154,0.5343091030472003,0.6188598734797873,0.5963385792424108,0.5359808461597643,0.48053816924923504,0.44285795759463603,0.4224525127316439,0.4133956946825392,0.41160595689051166
-1.062429243311662,1.160831472197488,0.046032964915798176,0.07920115740300449,0.10298208112780834,0.10648702990627669,0.09534201484657769,0.08328637696988461,0.07443439657317985,0.06927048038595678,0.06692974838368931,0.06628905943394292,0.06656917844580955
-2.680732960542879,4.056944297546509,0.04602147452905692,0.022301586279319163,0.020195972768947853,0.025193560897584982,0.0323804878200536,0.03902609311318724,0.04356749821462664,0.04581431558026427,0.04637913919299963,0.04610763887167614,0.045553461503230745
-2.3622786970393364,4.212320577570434,0.046009388961716614,0.004768739794505928,0.003624794331103046,0.0043659672161567116,0.005651276711364246,0.006921794410297604,0.00783908144191963,0.008323710427760997,0.00847053144845253,0.0084405676606932,0.00834320998051361
-0.7774884304920637,0.786809921614188,0.04604273849837106,0.28260052169220434,0.4602130153099204,0.5847883382582526,0.6275750611925139,0.6139695880121774,0.5822085693262112,0.5524735856891179,0.5319305322884431,0.5195416413514287,0.5139393531781777
-0.7771276819417491,1.0799465596012703,0.04602927295882809,0.0800781129613136,0.11156300325700662,0.12839139786911105,0.1279947640404876,0.12055358295950327,0.11267273993414186,0.10689671287562465,0.10357698012768168,0.10199823876743198,0.10161080655418821
-0.3065909031360653,0.7886615569651763,0.04602790754549114,0.08371562503542214,0.13171712083926226,0.17985718942249718,0.21650733319142887,0.2355635243039443,0.24100438307441488,0.23910636115803083,0.23467556814777876,0.23018596641252645,0.22689241103640398
-0.48366592774846207,0.6420191778283437,0.04603961452446973,0.1912389027993252,0.3205836578300088,0.4378992983819538,0.5164533353141386,0.5480874018560168,0.5495729767886358,0.5381175644355629,0.5245811211436384,0.5131599159537927,0.5057205374297211
-0.21870220026406054,0.5341385300998228,0.0460320333984755,0.10629052611296379,0.16984091415650285,0.23933464073879887,0.29817837209806897,0.33358872080376395,0.34738782248172556,0.3478343390298148,0.3425003286501476,0.3359918746768697,0.330753294291497
-0.49691908035861443,0.8992639056343462,0.04602911566221288,0.08944510924970468,0.13925181615588375,0.18148864314525592,0.2059137515832832,0.21309807983924708,0.210864076447788,0.2054338249060523,0.2002376322504185,0.19627317322990687,0.19391223552793926
8.993174177378373E-15,0.4999972342997724,0.04602479723604897,0.056181840737218325,0.08283182767399656,0.11714448439778442,0.1497219208287328,0.1723259269794208,0.18338805781055423,0.18611298426153236,0.18446968834848623,0.18140828707007628,0.17857925481644266
-0.08730174057619373,0.7128057480841564,0.04602580581493513,0.06253522651629134,0.09264047057035185,0.1291364836475195,0.16226028717861016,0.18409479234235995,0.19410156788963848,0.19602067866228734,0.19393077299010877,0.19066496161767107,0.18779034267170572
-2.363732538725967,3.8919047039031858,0.04602015124413988,0.012945562184853336,0.008023274053975021,0.008699874687440627,0.010941091870780814,0.013423411261510311,0.015370677884457187,0.016506936652781166,0.016939576527296944,0.016968235214194275,0.01681553773554713
-2.056693366704093,4.085438136843109,0.046002067691724886,0.001735704108801839,8.8240034935122E-4,9.128889983651122E-4,0.0011470304904157137,0.0014200939162859248,0.0016407721112861985,0.0017733791944348047,0.0018264941288055829,0.001832674500905826,0.001816952056211008
0.08591033760795037,0.6892165097150854,0.04602363447733097,0.044035722153856115,0.0598134383979753,0.08322284935075337,0.10677219977169247,0.12411824147316892,0.1333547245786887,0.13627210348498675,0.1356097457544838,0.13362655381850208,0.1316241521521824
0.21870220026405268,0.5341385300998205,0.04601709877765578,0.02811726922830624,0.03687084760254875,0.05146971659202753,0.06679706909993761,0.07856399360830427,0.0851306559985631,0.08742924161740966,0.08720306808988543,0.08599138915307385,0.0846921150594981
-2.076326548611578,3.8388636058170666,0.046016788586053625,0.006105746109171206,0.0026306639871593374,0.0024788074000580518,0.0030362761919090174,0.0037645303177431494,0.004387461144311226,0.0047837387288013735,0.0049586757657718895,0.004994926741606753,0.004961202865137322
-1.7349134240919695,4.010060092918254,0.04600387471988669,7.062886089227767E-4,2.1142641230077882E-4,1.705240600073521E-4,2.008859387638099E-4,2.489012868281447E-4,2.9263573949670564E-4,3.2211756855745895E-4,3.3633421431541604E-4,3.403166198384894E-4,3.38731104323898E-4
0.2692615089966361,0.7845781349236364,0.046022383953077665,0.029864650536703553,0.034354096981109146,0.04618780221189619,0.05974906180942597,0.07087430957073972,0.0776107425455753,0.08038245677400911,0.08060644031936391,0.07972544143252679,0.07861610599775509
0.4836659277484184,0.6420191778283223,0.04601280627090388,0.012212898931283892,0.012882155137225017,0.017167371540459934,0.022450343995217763,0.02700781290540399,0.029908331121145607,0.031196340784852197,0.031394240166073284,0.031095007005350495,0.030666295253597962
-1.6485348497441865,3.7188104872024454,0.04601592803934388,0.0036449714969057924,7.775415940528898E-4,4.919868675921633E-4,5.390752049567E-4,6.676031830081781E-4,7.978251899113715E-4,8.932229360534759E-4,9.444850516173046E-4,9.629999588909934E-4,9.618806498356723E-4
-1.4046712329156748,4.010306634676997,0.04600764149884674,7.245195615759796E-4,2.102602575673878E-4,1.6478085641157992E-4,1.9246296253037703E-4,2.3850023237069094E-4,2.8100002743825794E-4,3.0998529179781945E-4,3.242077749396778E-4,3.283988735030928E-4,3.270495978092841E-4
0.5189817362693281,0.9573137320820959,0.04602162079113575,0.01971325234893394,0.016889813194641303,0.020733985292172404,0.02664880047729545,0.03226965246766111,0.036206291626872784,0.03821826171333318,0.03877930799495089,0.03860030772225539,0.03815514561641114
0.7774884304920177,0.7868099216141667,0.046010246307915365,0.00481999352826885,0.003670157602703681,0.004428872175507419,0.005740489903643386,0.007037238528496079,0.007973929347106974,0.008469405974323378,0.00862027997056144,0.00859071332264204,0.008492278441644527
-1.0829834444127073,4.086088045044428,0.046005807711908174,0.0017450956167952396,8.795142010697381E-4,9.07395204283555E-4,0.0011409368709614427,0.0014147188958292419,0.0016368158039538278,0.0017708626107945425,0.001825043218919959,0.001831884675113276,0.001816506677671927
-1.1377485745898563,3.7481513071831802,0.04601859243729849,0.006752079211965303,0.0024878150661878265,0.00215066097279059,0.002567759242647094,0.003180643710716484,0.0037295406320914646,0.0040943822185741914,0.004266899280905699,0.004312813537312985,0.004291105440274387
1.0829834444125717,0.9139119549555268,0.04600626467606304,0.0017443402333496524,8.805983499779402E-4,9.08087397440032E-4,0.0011411134284874274,0.0014144202985713133,0.001636195975152798,0.0017700929225991499,0.0018242457909199976,0.001831115481442577,0.0018157817983031326
0.8337003852630562,1.1704634440920465,0.04602085520404483,0.012760583888844284,0.007204931262986191,0.007461092273393185,0.009268704964097782,0.011385126022276345,0.013102905918761202,0.014143458774088503,0.014568907720556966,0.014627822069872957,0.014513100267558875
-0.8433365412288734,3.8431830025624416,0.04602090578400183,0.012022682860713342,0.0067768031810882794,0.00703899676780343,0.008761772572451363,0.010771825513130209,0.012400009606440625,0.01338397175143875,0.013784455332821773,0.013838146249976714,0.013728145400630469
-0.7774884304921482,4.2131900783857725,0.04600972938528858,0.0048216783841759465,0.003670440154394201,0.00442926208807107,0.005741460163497982,0.007039083690655142,0.007976668948478054,0.008472821955933922,0.008624082073536292,0.008594683955494701,0.008496280342092242
1.4046712329155322,0.9896933653229848,0.04600711994021657,7.214413752043816E-4,2.1117693499573623E-4,1.6671811270146705E-4,1.951457091501414E-4,2.4183842957158804E-4,2.8482748696301974E-4,3.140826482101416E-4,3.2839152640291115E-4,3.325708847063935E-4,3.311727372289743E-4
1.1272979905274618,1.2539566653719223,0.046018482950991764,0.007003431693169791,0.002615724918081968,0.002273574096884949,0.002717670588176157,0.0033656741473957435,0.0039446276393552285,0.004328609593240274,0.004509598259252476,0.004557296551408179,0.00453399445739272
-0.52793820127938,4.041314105648367,0.04602157580278021,0.01930677648927748,0.01640669097101467,0.020094317389520902,0.02582620381053438,0.031293685766605635,0.03513536514101528,0.037106953183100116,0.03766342042208342,0.03749564889684031,0.037065341534131796
-0.4836659277485209,4.357980822171628,0.04601262701335617,0.012214355224881436,0.01288307399865968,0.01716828514358769,0.02245220749965904,0.02701137694429452,0.02991372051013384,0.03120318027736464,0.031401980369626575,0.031103199753423908,0.030674628692731923
1.7349134240918267,0.9899399070817654,0.0460032025701895,7.005854678302569E-4,2.0673843180470626E-4,1.6571822503550157E-4,1.9512675711040286E-4,2.4198257912961795E-4,2.847549174174338E-4,3.136387458083027E-4,3.2759711013654957E-4,3.3152883162290226E-4,3.299954705982987E-4
1.638761603240922,1.272938764294396,0.04601577383882601,0.0034761466554345866,7.386680964237389E-4,4.667115029755883E-4,5.11332286919023E-4,6.333611516668681E-4,7.570351893571984E-4,8.476608510753371E-4,8.96373892435833E-4,9.139754251732676E-4,9.129186701742601E-4
2.0566933667039553,0.9145618631569373,0.0460011393787994,0.0017355857017662465,8.798455024078266E-4,9.098065327598175E-4,0.0011435788298526618,0.0014164200800283026,0.0016370197302608559,0.001769637962276447,0.0018227911656722724,0.0018290031079482084,0.001813297062277788
2.057116361523296,1.153746342943374,0.04601661460077259,0.005576447969527971,0.002355361290367105,0.002206201958347077,0.0027005781915049993,0.0033504162441725907,0.00390774579075569,0.004263176317803235,0.004420667322893764,0.004453788992827547,0.004423966768060793
2.9149335735573763,0.7494356847724368,0.046021481965993656,0.0323058575928118,0.03899202081168335,0.05306183775211676,0.06858789794852037,0.08097335451825642,0.08823242950472075,0.09104471219384992,0.09109182558944252,0.08998554339814714,0.08868962248727984
2.6561897161592585,0.6428550853479014,0.04601186729420718,0.012134381628895213,0.01278162018547427,0.01702302075917341,0.022250534648720982,0.02675630098324755,0.029619918734130304,0.030887578732972026,0.031077606261035878,0.030776964711994207,0.030349204456687418
2.9215454845320075,0.5345392037988329,0.04601434031894703,0.028036810009882774,0.0367513409377811,0.051288931359373534,0.06653942293418581,0.07823297070577334,0.08474477858966394,0.08701070621958913,0.08676916246535733,0.08555119426589415,0.08424899847954948
3.0299160913172427,0.6275775937772172,0.046022800954296825,0.041273873940780956,0.05640559977083269,0.07892213317926701,0.10164608494768909,0.11844037379371014,0.12739069092781305,0.1302110480909174,0.12955700909898366,0.12762279662675818,0.12566971499131033
3.141592653589793,0.5,0.04602489036740922,0.05632819089943338,0.08309440445341046,0.11748368275707385,0.15007608293187086,0.1726381524143765,0.18363628789676228,0.186303108411917,0.18461758661589933,0.18152653785618442,0.17867647451404917
-0.28125840007477765,4.211107964317498,0.04602243874458022,0.02912460074771325,0.033140165833693884,0.04444406190313178,0.05751418795796486,0.06830422358454634,0.07488305163315762,0.07762222470755087,0.07787642568379739,0.07704415566399282,0.07597807467285238
-0.21870220026408047,4.465861469900171,0.046017193141616876,0.028119676725934722,0.03686942492615733,0.05146557417844667,0.06679366660773775,0.07856447444804526,0.0851359795736361,0.08743858323837113,0.0872149569022727,0.08600460773794048,0.0847057938345775
2.362278697039204,0.7876794224296279,0.04600892732087878,0.004769897958662603,0.0036241322201313333,0.004363978353538557,0.005648699396630946,0.006919327291413734,0.007837214904528234,0.008322515716899024,0.008469807300092442,0.00844008851699736,0.008342802682998411
2.356069807074069,1.0947759515034277,0.046020213237166395,0.012277464524487127,0.0076160317906580005,0.008287380635697407,0.010441729619423815,0.012819497416835855,0.014680668214825611,0.015763811427322433,0.016173876345789078,0.016198533364747855,0.016050914969986455
2.6946340486689038,0.9154917655341115,0.04602153475749281,0.022269088238076686,0.020742588746075295,0.02618170729955494,0.03374297370929801,0.04063983397418613,0.04529206300084127,0.04755169457015913,0.048083562701591524,0.04776912930755062,0.04717953888593928
-0.08808582891583927,4.3116462892169025,0.04602366156409716,0.043815404533821385,0.059446552861786295,0.08270793124083883,0.1061389051464561,0.12342111804455655,0.13263954205691006,0.13556385136444274,0.13491686889346619,0.13294898849897988,0.13095771067768744
-1.2878340363417139E-14,4.500002765700228,0.046024787308274494,0.056169240875210635,0.08279894180085079,0.11709487685077781,0.1496654312927398,0.17227275376682924,0.1833428921668719,0.18607574483351783,0.18443810291139603,0.18138009226387483,0.1785525978373784
0.2187022002640322,4.465861469900186,0.04603193899447942,0.10625534226010262,0.16974855629451746,0.23921515452947364,0.29807030204195895,0.3335152115040892,0.34734856040874346,0.3478190612259124,0.3424978354729895,0.3359947337022677,0.3307570075814399
0.08230897427264754,4.29005706619047,0.046025792100324085,0.06206308849088613,0.09179784024716912,0.12801323620705252,0.16099328446888492,0.18282004317951758,0.1928818487197007,0.1948637260398086,0.19282045730762656,0.18958431713673948,0.18672412995868845
0.29117449219664726,4.204746140099566,0.04602779796287091,0.08044885689554147,0.1255249152463586,0.1713330371452565,0.20670433059790924,0.2255296780775313,0.23126852549546886,0.22979366834957463,0.22571292525620093,0.22146651883412558,0.21830555917108754
0.4836659277484455,4.357980822171665,0.04603860376549043,0.1911643909490904,0.3204548193135266,0.4377464631389265,0.5163117194212878,0.5479706693506156,0.5494786788757131,0.5380383396009729,0.5245097626837936,0.5130918240313653,0.5056530344614708
0.4917346560696131,4.087884048141671,0.046028972170359,0.08577808608016396,0.1322536233400267,0.17173342110842224,0.19456819549905693,0.2013681418155526,0.19938517038513837,0.19439284719387653,0.1895866269525629,0.18590824342433368,0.18371330836301902
0.7774884304920616,4.2131900783858125,0.04604210387162205,0.28328495255605235,0.4612769456324604,0.5860887314329456,0.6289043902755155,0.615216080374523,0.5833555918233905,0.5535427072086323,0.532951742711226,0.5205375877191187,0.5149265973883302
0.75657970150887,3.914877603149125,0.04602916511454742,0.0783088964023569,0.10842804639418212,0.12469988565195655,0.12455761166295223,0.11766054059534035,0.11026703812258429,0.1048175258776416,0.1016719728996809,0.10016874550588203,0.099795456128535
1.082983444412616,4.086088045044458,0.046047274165686075,0.3525902506478211,0.5332887200490303,0.6177944337383706,0.595415611476257,0.535217927005788,0.479889366186284,0.4422716100928199,0.4218913045390605,0.4128393830953397,0.41104471637838325
1.053986665321673,3.8361761354030426,0.0460324517283597,0.0780980940445307,0.10117153406301142,0.10440092037367511,0.0934044068770133,0.08162426856287829,0.07300803072426916,0.06799879538152483,0.06574040075811032,0.06513577746960397,0.06542304932248509
1.4046712329155782,4.010306634677009,0.04604589257923372,0.3779652597978314,0.5421314331058382,0.5868366027141751,0.525637451171558,0.4477362163591865,0.3880300625874326,0.3519608470382958,0.3345730577233252,0.3284692673106677,0.32883514333662617
1.4747388924635103,3.729721533012729,0.046034746216161916,0.07103447334767753,0.08333520369048768,0.07435254696047265,0.05944735092498265,0.04886775371913788,0.04267644407263446,0.0397043024986151,0.03870068103655159,0.03880371161878914,0.039359280610156484
1.734913424091872,4.01006009291824,0.04604466437164809,0.37504543872587337,0.5376602190327392,0.5816973222145202,0.520710668364592,0.4432982131746182,0.38404207959099784,0.34828133861798255,0.3310619387141228,0.32503103157037566,0.32540654227504306
1.8947206484386283,3.7516726173377717,0.04603231929883394,0.06927670232387939,0.08300386727245516,0.07760461819243135,0.06470982739125514,0.05468740667522839,0.048444297568580263,0.04527379522166656,0.044103921283534624,0.04407712601136388,0.04456070410206494
2.056693366703999,4.085438136843077,0.0460417178169499,0.3447574818692817,0.5211469314874473,0.6032349721739934,0.580778591975124,0.5216046750377846,0.4674106295633281,0.43064102069658855,0.4107530173902473,0.40193483969103755,0.40019216146031444
2.3196486712897513,3.893501520245065,0.04603056601731082,0.0750327959669266,0.10194937604151409,0.11458395156494923,0.11195993697479623,0.10419270845471533,0.09680542701587948,0.09169142397980495,0.08890645456631074,0.08769868553501049,0.08751191036365978
2.362278697039253,4.212320577570395,0.04603970104217875,0.2833568087053117,0.460891310724086,0.5848446081823236,0.626739347725159,0.6125177701666571,0.5804660237142094,0.5506451762339748,0.5301062097352399,0.5177442730090165,0.5121582245769472
2.63661801000987,4.009610283092602,0.04602743052246826,0.07272472162181033,0.10563539918659391,0.13258072244109972,0.146715968807309,0.1500572963725106,0.14797199093572752,0.14429554833086009,0.14101347501512718,0.13861238314701294,0.13724782526496948
2.65618971615929,4.357144914652114,0.04603735394547446,0.19299241823998392,0.3234371035488013,0.44111069899810945,0.5192481384430132,0.550153996629453,0.551032076171558,0.5391981292012531,0.5254757679948044,0.5139755313270957,0.5065098559092043
2.846202888851482,4.259760517924746,0.04602816506910213,0.09021254260228734,0.1440629127304622,0.1985287598202432,0.24066815417459644,0.26301975185981735,0.26968892673639405,0.26775986301399607,0.2627692978863451,0.2576238356302096,0.2538033130386817
2.921545484532007,4.4654607962011665,0.04603466107032902,0.10670159365732583,0.17051887136826424,0.24012045411174446,0.2988930900221824,0.33411966727726555,0.3477375898634301,0.34805459999983207,0.34264416949604587,0.3360910796034247,0.33082477785829695
2.9948142349270577,4.318511927171344,0.04602598973259678,0.07313307854436579,0.1125147081048918,0.15737594241986938,0.19642140414377893,0.22083208503776913,0.2310748564958732,0.2321821578844178,0.2290830567617558,0.2249488552184456,0.2214948148737629
3.141592653589793,4.5,0.046024774682540265,0.05631274007626308,0.08308716532463896,0.11746980415632705,0.15004436854547193,0.17258466006543527,0.18356605826651798,0.18622408259845935,0.18453609514149955,0.18144580899245671,0.17859789370400278
-3.1415926535897927,0.7263354865375964,0.046024545913829595,0.05207404280781453,0.07322718291107785,0.10167526076382886,0.12901492996501943,0.14822461635271572,0.1578645290460806,0.1604578675425902,0.15926589625069376,0.15678469387302443,0.15442945433093916
-2.9751218802933854,0.9011323513632366,0.04602567849492264,0.057991322251583564,0.08074781024577989,0.10746992224193375,0.1305526957439264,0.1450496933066661,0.15139273652839005,0.15238469617504327,0.150813578550129,0.1485327510593338,0.14657320880297217
-3.1415926535897936,1.0147566673210318,0.046024738906223356,0.04604768861620159,0.05430171087064495,0.06897261122694208,0.08415417216984226,0.09562491571707958,0.1021600032991374,0.10464080621601086,0.1046508851412668,0.10362708905540256,0.10244633788224682
-2.9275291154762426,1.1693407807545873,0.04602497551302397,0.04916793942175058,0.05696712484724049,0.06657703075318805,0.07437751411663444,0.0794584994417356,0.08210685428816766,0.08301106771364351,0.08293081663016201,0.08245814855969959,0.08196323061569143
-3.141592653589793,1.3407171180542816,0.046024764504160764,0.04474427468137119,0.04388663832560436,0.04712988144357199,0.05176583979581332,0.05620002146339199,0.059595675151173894,0.06164833967719081,0.06254949015675332,0.06275223527630347,0.0626137345845955
-2.917189674667204,1.4978357157257962,0.04602482099495737,0.04620322642035491,0.0461566681811745,0.045221836286895085,0.043571211681293014,0.04286910846449832,0.04313380885924877,0.04386361944031209,0.044639956078932445,0.04527420023441837,0.04570313579181067
-3.1415926535897927,1.671935970781744,0.0460247709323184,0.04539370629145261,0.042003497697881566,0.03924966807814438,0.03771701110754631,0.03768569028069491,0.03870325879108814,0.0400481339806146,0.041216719245172354,0.04204325215548741,0.04251681417398414
-2.6993661372441164,1.3403593414926906,0.04602497586799443,0.048171193903378894,0.05223468238215539,0.05330836785620242,0.05135651539458038,0.049621444927268894,0.04872618046554434,0.04851635152841934,0.048690227631644344,0.0490094544717044,0.04933683226032865
-2.478197636618347,1.2676822761384963,0.04602583940636936,0.05132119297408135,0.05874700630799199,0.05964937586103203,0.055401350797480674,0.0514218089825791,0.048809889404267254,0.04752779596400273,0.047165985505767206,0.04730013789372132,0.047643426603581916
-2.9000003925308775,1.8280014924147394,0.04602477905415111,0.04598915730146505,0.04442661275107659,0.039292687873913025,0.03379318780955091,0.030580289288296817,0.02955801889250932,0.029920511563809583,0.03087121851647028,0.03189113655194603,0.03269384061777348
-3.141592653589793,2.0031615824690685,0.04602477325497572,0.04584699190231404,0.042839905799609466,0.03739840101131732,0.03268236430648834,0.030196917987804713,0.029712842383118745,0.0304262421751078,0.031566256527759205,0.032648100311959846,0.03343332657353817
-2.6829969252357184,1.6656568238658362,0.04602479759079709,0.04617874753706835,0.045452862397458195,0.03978413184720497,0.03330018846447813,0.029495230986621785,0.028082103940242405,0.02816681685484539,0.02893069023436592,0.029858054771323948,0.03063603877771649
-2.132796186372691,1.2326891056922382,0.04602506045336374,0.06326766908345761,0.07640257857216574,0.07476206831379512,0.06497724374464647,0.05651329315121014,0.05094578662205327,0.048021707073347714,0.04691669701912906,0.04685037259779201,0.04726988071856712
-2.2823429898964918,1.3747273172453012,0.046025410227367225,0.04935566567962988,0.05218331209122921,0.04572917280523223,0.03714235685291694,0.031872798517557636,0.029329114990326508,0.02855017790595128,0.028699094733998603,0.029264873725572082,0.02988392133785085
-2.467174192797532,1.5235211647074838,0.046024975734099666,0.04669133171138528,0.04674118426486987,0.03991551227682567,0.03220763343978115,0.0278144465160298,0.02604506366893618,0.025866226741733802,0.026430902122270384,0.027242703173102015,0.027970468442266628
-3.141592653589793,4.2736645134624585,0.04602476843180616,0.05210973953582307,0.07329705702380677,0.10177055414572223,0.12912178458855383,0.14832907680982804,0.157960881140198,0.16054672787675328,0.15935006878239494,0.1568664680924669,0.1545106462541539
-2.8841836484581855,2.1602188579684554,0.046024774252319406,0.04600088910624351,0.04381687323829331,0.036849604701995865,0.03031241512093254,0.026525736404402697,0.025212741776592554,0.025493956019978562,0.026506828689658566,0.027646864195116305,0.028555803986424978
-3.141592653589793,2.3343871941563923,0.04602477366830692,0.04598227350731542,0.0436557812215855,0.03719922390807374,0.0311232491274283,0.027554875609641327,0.02635664372847125,0.026718189395519436,0.027789028810984436,0.028956519577674294,0.029872618738516696
-2.6401720183406203,1.991776508704372,0.04602477848032994,0.04601251097168225,0.04322882458754906,0.03450196450371839,0.027262729458158084,0.023439958604544855,0.022214435938490745,0.022513742417687974,0.02347588898838843,0.024557561751843066,0.0254129755443995
-2.428470900735528,1.8355589641260437,0.04602479645266839,0.04605289470907547,0.04263925167590854,0.031840597298458534,0.02384487701225838,0.02003334770852958,0.01893465729727928,0.01925906159920147,0.02015457088599171,0.021158131273040035,0.02194259497789082
-2.058651023474537,1.474800681982335,0.046025485916272306,0.048000661388862324,0.04686641233679451,0.0343620312401955,0.024295393933903123,0.0195244683248179,0.017841622920290862,0.017699908966228934,0.018194436331024272,0.018936261204659386,0.019588597359181975
-2.2316705670549912,1.657142265376536,0.046024841315822185,0.046288633168869046,0.04306197402866601,0.030645322039906053,0.021709902911125175,0.01769992989998843,0.016559565619173353,0.016803859394106998,0.017573423309514734,0.01847521578930222,0.01919152761589854
-2.1911126408722725,1.9105506500962812,0.046024804462797685,0.04596930348688683,0.03874432228584848,0.024456680870903576,0.016934135835286454,0.014153247824639992,0.013802704440498529,0.014449610264268883,0.015387131242431133,0.016297358229266812,0.016929621733998985
-1.6854407789499701,1.3454821777232056,0.0460252110095818,0.06255463590283376,0.06893778071520544,0.056972054248881056,0.043513445118216594,0.035291618482070214,0.03103095005673757,0.02926707914852324,0.02887926517738827,0.029235650063408388,0.029814168959726998
-1.8334578655387197,1.5358740152111972,0.04602561619561932,0.047749029411054994,0.0440852045754677,0.028208078353715648,0.01822622073974676,0.014193490142437454,0.013131547259213823,0.013299159120118703,0.01388520536351512,0.014619429031659387,0.015201470473099022
-1.510852805908938,1.4624704096398067,0.046026015963566105,0.04903792597050014,0.0466970270546202,0.030781418140068406,0.02004067696126104,0.015467635606163734,0.014045453656440322,0.013990597162086494,0.014441180149150851,0.015110341885771938,0.01567768599872812
-2.8878091502309213,3.1688307004882357,0.046024769339809805,0.04449224726909409,0.03699687798577927,0.032424460702511676,0.03115228180991658,0.031884320609549766,0.033599851497886184,0.035419140797479466,0.036823590987729464,0.037710848219949085,0.03813943927632343
-3.141592653589793,3.3280640292183645,0.046024770522330914,0.04539647623273057,0.04200106169822837,0.03924633092930379,0.03771443351944818,0.03768372030185673,0.038701283129828304,0.04004566349763116,0.0412135849855931,0.0420395922936836,0.04251288945774199
-3.141592653589793,2.9968384175310403,0.04602477329224855,0.04584935287447734,0.042840006755276584,0.037397302544939115,0.03268244919051879,0.030197980731365166,0.029714284589077097,0.03042757458459694,0.03156723437520809,0.03264870523220913,0.03343367341813768
-2.8764977981057847,2.493802595810731,0.0460247736293255,0.045941274682924,0.04234883774821915,0.03481740293321334,0.028877139366874232,0.025732309327712092,0.024887174614150173,0.025444408397895826,0.026579264450822617,0.02773407633740943,0.02859874894348675
-3.141592653589793,2.6656128058437165,0.046024773670889606,0.045982701885462905,0.04365576537441132,0.03719886615622519,0.031123036656147008,0.02755472352746129,0.026356421570678783,0.0267178220885101,0.027788504120415877,0.028955868203913795,0.029871898201365255
-2.8785035733292084,2.8276104155794197,0.04602477326003208,0.045619841252845524,0.03991183638394946,0.03306810418578269,0.02887031048785488,0.02722776964107217,0.027407818620411816,0.028511188030716148,0.02980733622806354,0.03089374546845226,0.03160290906186553
-3.141592653589793,3.6592828819458263,0.046024763294705,0.044738832685728765,0.04387418856493127,0.047112786548889334,0.05174489868143554,0.05617635485868341,0.0595701498425505,0.06162165961186897,0.06252228862290655,0.06272502218046151,0.06258682905575713
-2.838880017718003,3.5170938725068908,0.04602469478892016,0.04049861943713524,0.03250391280851248,0.03216213913174553,0.03552901543026213,0.03992250531617585,0.0438058673495912,0.046430066589431496,0.04775148877520092,0.048192712789116236,0.0481383227471946
-2.9147393404820785,3.845758330628357,0.046024560484135786,0.037960570899359274,0.03588410425548146,0.04215329773452323,0.05125702603641532,0.05962088254858413,0.06541327414758825,0.06839532798390469,0.06927169050875955,0.06905366358959895,0.06843039278442077
-3.141592653589793,3.9852433326790697,0.046024762200952384,0.04604368809778742,0.05429724451788436,0.06896827816280814,0.08415107787502836,0.09562250643621835,0.10215704786982832,0.10463698614760257,0.10464651011037612,0.10362256754290083,0.10244203170823425
-2.9651199307596943,4.115548571720177,0.04602382823110491,0.037370505188563434,0.04317585241758343,0.057019225426962576,0.07256560217149922,0.08507727841504865,0.09254721252848676,0.09556820576256943,0.09576336923358021,0.0947402028989453,0.09347786953494662
-2.609321565765701,2.319198889028086,0.04602477428173649,0.04588499032216028,0.0400553383724401,0.03022104908791651,0.024141343006986272,0.021477959746661265,0.02105659761096203,0.021807676920652514,0.022957112673939486,0.024044624504699023,0.024810005481364143
-2.3360586773177103,2.1420240248230713,0.04602477781755243,0.04584906748742352,0.03745947891012028,0.02474589205995203,0.01838660723683082,0.01611305150007385,0.016008397396813392,0.016834513242066532,0.017902807667211282,0.01886549254394008,0.0195053954877587
-1.9714764024424953,1.8001115393136118,0.046024955221226134,0.046092116339445315,0.03805029493715167,0.021695189285185917,0.013790929527360843,0.011135852405302378,0.010904765664188912,0.01152955711844998,0.012364134092708963,0.013173877042160135,0.013723318740190006
-2.033635683602304,2.0895709915522627,0.046024781970309715,0.04569343308949015,0.032823734555841776,0.01768458648287594,0.011906968874125061,0.010401038977948777,0.010697519384212926,0.011571429063184238,0.01250089354300832,0.013267371376027447,0.013725919673112158
-1.2407994999622523,1.3133580287272002,0.04602520187099795,0.06419119331212665,0.07304776950525393,0.06406430214850067,0.05093268874482231,0.04207772123550436,0.037128356019469205,0.034912285605746225,0.03430520065208306,0.03457254557620448,0.035153146600492964
-1.6343249639020239,1.6078113573052906,0.046024900443663856,0.04696210665541395,0.040852044201797076,0.02326826566385962,0.013964320305919228,0.010682094854326295,0.010134682218814606,0.010548086939047343,0.011218408785388849,0.011949327717622834,0.012477569434409102
-1.7375747548552358,1.7668706109412533,0.04602481675142427,0.046075144447348504,0.03678059672249922,0.018983219371075243,0.011142001823625323,0.008759136249920823,0.008696105912830435,0.009339336967823646,0.010113741198374358,0.01084778205256355,0.01132709036201169
-1.3308539928843117,1.464064552087334,0.046025836678813596,0.04903662097751626,0.04716313540182057,0.03212060207517128,0.02144249928936634,0.016733295450806835,0.015191696559813199,0.015088668925670344,0.015540744722965946,0.016227853299273218,0.016820798499312423
-1.443886254637565,1.6152506465474337,0.0460250545796505,0.04656940872025786,0.040277576961485005,0.022764632509495026,0.013556813965130787,0.010354791567928828,0.009867908803862152,0.01032475339736942,0.011023333473070792,0.011769249646822959,0.012303593896200032
-2.6306536626795616,3.294810062767567,0.046024745726418466,0.03939112417156643,0.026742839118495062,0.02323109662649439,0.02429555956473914,0.027085816962326984,0.03006169821180361,0.03236356353587399,0.03371851768591502,0.034324204755459366,0.03443807512038733
-2.5921577965906817,3.522848278519308,0.046024627651731154,0.03326126862413328,0.021994591580263335,0.021030411329990135,0.0239847127788217,0.028029434548129135,0.03160162613651003,0.0339812856393106,0.03513569655376162,0.035477092075495036,0.03537377339510088
-2.6183237033742723,2.9823444940354205,0.04602476801737926,0.04342518386474554,0.031081206728186483,0.024407196550327092,0.022793657573405703,0.023618115715141396,0.025431806711862123,0.027296836576898107,0.028701008906573813,0.029556161407335052,0.029934667063790433
-2.605205481084687,2.6582334797673735,0.04602477302703842,0.0452815023963859,0.0356418853476517,0.026666397533084574,0.02265227582529172,0.021655145872377,0.022314787386150992,0.02363600602366508,0.024955434722039385,0.02596517881970623,0.0265598777889928
-2.417471922103066,3.4435167252269934,0.046024643865268056,0.029382872078916326,0.016191627928852533,0.014254341883306812,0.01598748458633407,0.01885275368954602,0.021541344965876816,0.02341845620960767,0.024383562943820436,0.024710967367396055,0.024670497340101984
-2.642347029092252,3.761431291260538,0.04602381689336061,0.02875891433721822,0.021375249264065994,0.02328254484722123,0.028394716375296145,0.03389072479722425,0.03814353042548351,0.04061559180006564,0.04156487343736442,0.041637555335158054,0.041314698977109716
-2.4595410549753454,3.6425362541062145,0.04602439829841086,0.02467640261262036,0.014853136066414996,0.014643758807363783,0.017443539193257977,0.020966369437789706,0.023940884905402367,0.02582710734832973,0.02666755168710195,0.026851889654024,0.026702405466371787
-1.0497380689238285,1.3809130870791173,0.04602588084547597,0.05021501638529389,0.05216885446104734,0.04232562305244963,0.032061376525259005,0.02637601435924821,0.02383762258333688,0.023132593322615542,0.023324342762297348,0.023926952304868125,0.02455990675727299
-2.3322564161777652,2.495031303313423,0.046024773777888474,0.044975476059007945,0.031043395485615664,0.019954969466721473,0.015969743566359353,0.015294554448647796,0.016087311650401795,0.017351312643292056,0.018525790012721335,0.01938215861212347,0.01985058280297659
-2.0779871435266357,2.3624663625658697,0.04602477389714105,0.04483337538591184,0.027444592334345996,0.014738738466687022,0.010790361725074464,0.010230538515815195,0.010944578080039931,0.012007351996959965,0.012969368340670138,0.01365771067825962,0.014017932082011414
-1.8728297179368234,2.2731705969625757,0.04602477902190198,0.04486500435157312,0.02575935462568667,0.011971463769801016,0.00799693969263685,0.007444556450290803,0.00805556006166399,0.008955340318900124,0.009768080719547139,0.010349716633195227,0.010648510410887203
-1.743008985144955,2.046012424365121,0.04602479553713635,0.04560881229507755,0.030139006230327888,0.013766447178894439,0.008347354457050251,0.007170678893379987,0.007560687741214462,0.00835530081794114,0.009144849140592713,0.009773889915790488,0.010128421724190142
-1.142524016506573,1.527500047109633,0.0460248856810557,0.0474498987585211,0.04475082872430278,0.030573951424756662,0.020609180731997107,0.01628358504738706,0.014995207731607481,0.015086827281446074,0.015690211653780515,0.016471153294705592,0.01711263315131255
-1.5056055572479863,1.844543718511047,0.04602481116246425,0.04594389628375609,0.03458814143041027,0.016710698009219007,0.009658110311075234,0.007724434222454681,0.007854544031769882,0.008555463799394203,0.00932962750888334,0.010022044658573606,0.01045057397768746
-1.2707384962622013,1.7056923524805345,0.04602481339585806,0.046216498569835986,0.03900513270136541,0.022034395206518478,0.013490846869523643,0.010579134557582246,0.010237861527510723,0.01079217475849427,0.011569557378776909,0.012355982690154607,0.01290332494546518
-2.330477994499483,3.1624686539648748,0.046024746146099936,0.03498590470463577,0.017766291701744708,0.013311164850343253,0.013485324468356081,0.015300321722504411,0.017399444776106405,0.019089008060429593,0.020116570536380263,0.02059108566020691,0.020688931439053277
-2.2071252230063605,3.424549049260283,0.04602453496969608,0.022657151346618557,0.009745143226728691,0.007870320704597826,0.008761847670025906,0.010493853535502716,0.012175529576974757,0.013376243955175912,0.014007581107923937,0.014230187958353208,0.014212045531038416
-2.3178120977821104,2.83408901710027,0.046024771783657485,0.041724375231029724,0.023698765984957862,0.015799238753446684,0.014100735560578155,0.014838623488549044,0.016398117230304845,0.017959294266127943,0.019107421189537222,0.019782284606162607,0.020054531995167133
-2.0785101890734996,3.2694329103822986,0.04602473360626846,0.02442063351159916,0.008799574802471054,0.00612817090811767,0.006389291763767896,0.007554337727424945,0.008812634839354625,0.009779379873705052,0.010334280795003349,0.010564654126928561,0.010586772282183549
-2.2682081141162866,3.645798764178431,0.0460232267178401,0.017137977617718885,0.008446796372674814,0.007868033613381087,0.00937673191003695,0.011429312118921113,0.013218248505001156,0.014382012005513879,0.014917925777692924,0.015049686265842742,0.014970024638462169
-1.9789512103986708,3.470611516584075,0.046024665475767286,0.014383031782230849,0.004550848395235328,0.0033169302958194796,0.003664545277359195,0.004458047014757286,0.00524677544493875,0.005817981825920069,0.006122101699793621,0.0062310765849828455,0.00622381963039639
-2.081233752669349,3.60846895345546,0.046023655330138254,0.012427132663702652,0.004765080139954873,0.0039978684682045115,0.0046612352299328,0.005716861119610698,0.006686519996714576,0.007346051730930456,0.00766900437778577,0.007764189542482694,0.00773374563850617
-0.1313031816913092,0.8942961115915651,0.046025212724270556,0.05604971163517534,0.07704957784266003,0.10285257124699561,0.12590874097116342,0.1409592900467641,0.14793709242619357,0.14939649602118596,0.1480824101272215,0.14591797437356133,0.1439872598475634
-0.8668970914662739,1.335673206591634,0.046026138560900404,0.050726080267617275,0.055097581101547215,0.049802775527763084,0.04133374964655625,0.03574321423062527,0.03281801970137461,0.03174305791091281,0.03170721534651506,0.03217079376228044,0.03275302869219438
-0.9283832168048753,1.5638271407129625,0.046025001049417535,0.0466625214753752,0.04463736679513474,0.032987384856923714,0.02369067496991452,0.019297376180179154,0.01786408661365886,0.017925857147981585,0.018590473812814142,0.019445475656475173,0.02016083850552361
-0.5876254151447697,1.3636988503957927,0.046025124105709435,0.048590203336385335,0.052378026352084085,0.050815550215021994,0.04590050341181074,0.04227574067119069,0.04037416926680414,0.039772696771446577,0.03991058061882549,0.04036637192512297,0.04087158882040546
-2.048995671535463,2.672191247359093,0.04602477225569501,0.04139875144230879,0.019415515895202948,0.010479872671816924,0.00849519741157533,0.008844631716195138,0.00990811897916998,0.011029641017089418,0.011881697502200016,0.012395123056261921,0.012606277567336817
-1.8441466945897473,2.502810011384794,0.04602477406588335,0.04268951007244753,0.019420911246536905,0.008777097681205244,0.006283699953586513,0.0063103000997398176,0.0070702319739040995,0.007954270392238795,0.008667106207685847,0.00912044000255848,0.009320790504003813
-1.6237493650838575,2.341688407066445,0.04602477512744146,0.044064704934140116,0.021635742244029883,0.008889339779551234,0.005705616280555261,0.0054553417263006635,0.00606494912274278,0.006856645116498396,0.007534635707235843,0.00799208754690338,0.008209153967398368
-1.4328700466844726,2.160957046563561,0.04602477855604353,0.045230978249267896,0.0269053849144329,0.011715967368994636,0.007233167359569558,0.006477014168643268,0.0069838454930575,0.007797218500874811,0.00855682442601339,0.009122123740646514,0.009421093985856404
-1.0267831334888908,1.7669387063918294,0.04602480742468653,0.046091191032211994,0.04013216731637471,0.02533220708016416,0.01695834407955721,0.013755668662444475,0.013193553100154234,0.013714812725939643,0.014571017672098079,0.015456601701973688,0.016097949490386763
-1.1836089217210422,2.0040914013437363,0.04602477872547926,0.0457882359360705,0.03353756603708035,0.017526258907272597,0.011302492721104975,0.009619454830481702,0.009839220648825983,0.010650368292907646,0.011535019947915297,0.012287230198899811,0.012745798512555544
-2.0076062631545373,3.013868208942129,0.04602476627309616,0.0320097810601695,0.01130975847259208,0.00665054765007736,0.006174883934410452,0.007002976242725957,0.00811875047856407,0.009079835759288052,0.009701327315585767,0.010009871700757683,0.010089995312210555
-1.8687436205472285,3.2801436072865853,0.04602473409475177,0.019129221255388698,0.005117328396848127,0.0030863883518588223,0.0031115904744099675,0.003712257638591608,0.0043894034963349315,0.004921768471220396,0.005234238603017729,0.005367710901233952,0.005383677679281439
-1.8022415660283868,3.5088639992850883,0.0460237341753772,0.009893977382745988,0.0024239528918876345,0.0015629837791783488,0.0016824917367171978,0.00205852362445348,0.0024464770808132787,0.0027345537335845826,0.002892346432717939,0.002951792694256087,0.0029510833655750908
-1.6984096611770432,3.3577152629383793,0.04602451029677574,0.013917374758207948,0.0030112454435265537,0.0016474724195690463,0.0016345482785751736,0.001969198672345572,0.002351868115066739,0.002654811060233936,0.0028335790704866566,0.0029101419782450984,0.0029193012594978763
-1.8870335585906908,3.692613109210398,0.04602445975465013,0.0061294227274421706,0.0018276589206059227,0.001409645776042783,0.0016299395512222247,0.0020172143384581567,0.002381501266769762,0.0026337218162664736,0.002759843065777602,0.0027988385887486567,0.0027889066315605515
-0.44116247001351006,1.158918876096737,0.046025900105654105,0.05339794097758269,0.06579933374065662,0.07555119159705799,0.079775635474137,0.08068184242246801,0.08012674272230359,0.07918523895685053,0.0783730903922605,0.0778061693711618,0.07752436607297579
-0.2700285224852295,1.018423822170273,0.0460255107519928,0.05615992138834907,0.0745847951187222,0.09428724547526303,0.10946195036162078,0.11800820917253434,0.12124182975006757,0.12131825872762657,0.12004980202626543,0.11850822807439902,0.11728325099982183
-0.3867819528680792,1.3738613726274147,0.04602496363695525,0.04739378369406179,0.050288906829321245,0.05086470325100574,0.04906786802314217,0.04768984618337358,0.04717037560965676,0.04725338273635582,0.04761073303692407,0.04802627512563639,0.04838775330434728
-0.04600648992006186,1.0756593366024694,0.046024783994537015,0.04690669691894433,0.054293555623638474,0.06709563519686194,0.08008963815046577,0.08982444822629378,0.09541302416101984,0.09760196440836322,0.0976996143803046,0.09690138011139582,0.09594883352827756
0.053411747661004504,0.8759300941357501,0.046024476712667454,0.044998995468346764,0.0565361384128276,0.07554842339160554,0.09511036165199076,0.10979179792379594,0.11791467346630351,0.12076153905223051,0.12049804744103464,0.11900750846408685,0.11740505850715278
-0.6816286276525805,1.566889812240646,0.04602492826877338,0.04653538506111576,0.046021797277522536,0.03840916681532574,0.030452831974098125,0.026048710715291686,0.024349645386742735,0.024252457579237188,0.024887195455975734,0.025753489018010754,0.02651316419227012
-0.7638377968236598,1.7851054163330446,0.04602481131172365,0.046079905497767075,0.04267636510827239,0.03144815261005329,0.023204315410857716,0.019340716456584625,0.01823510636337838,0.01854509373925767,0.019415753348315596,0.020401045876895594,0.021175251418741044
-0.4422359852922739,1.5645840287700845,0.04602480576339691,0.046377001613638065,0.046473122121867,0.042350910223448994,0.03680831552390321,0.033430395563054764,0.03215286528584905,0.03221633680942675,0.032890116468121296,0.03371198519400471,0.03441036574734913
-1.7565659012675976,2.796161549240337,0.0460247704489564,0.03586491266956602,0.011417825893483035,0.00515433975694841,0.004066097143907317,0.004432711650426211,0.005154134982655167,0.00585351526490346,0.006352442056982855,0.006629579595226315,0.0067247168851168005
-1.550180166740364,2.6162511135075905,0.04602477285047524,0.04000673084604694,0.014493548032267699,0.005934548977094126,0.00420611437021334,0.004382450034638001,0.005040406611596452,0.005746420970991984,0.006287357826157409,0.0066113080693106984,0.006740090586441288
-1.3571934002360682,2.438953209062968,0.04602477390348204,0.04329620716396749,0.020253509427356226,0.008796842167162791,0.006038535848244906,0.005954810662107419,0.006651148859909642,0.007497736834394131,0.008197981829666379,0.008654560951850366,0.008863255073153347
-1.2009383427001323,2.281054806467681,0.04602477474151664,0.04494234387430534,0.026659083857893083,0.012983516404447327,0.008892338672335735,0.008281725149520774,0.00890442073550773,0.009849059240758028,0.010712020341379868,0.011336281597281549,0.011663214846141213
-0.8657671355749373,2.0101783884831783,0.04602478047732244,0.045927321042492135,0.03846369640887748,0.02504830510298763,0.017998803045658953,0.015365240884604238,0.015072566620252354,0.015782380891406753,0.016785993931187498,0.017738065537986413,0.01839399773013126
-0.973958938627188,2.2373504933022774,0.046024774637509695,0.045510383532413094,0.03224107522696718,0.018698491561305434,0.013558274224428757,0.012297913699855974,0.012728899754272856,0.01373396611931721,0.014766188323914456,0.015584821794326914,0.016065587382259463
-1.659711218191155,3.1222128353405956,0.04602473908718109,0.023018385905155123,0.005305523126062342,0.0025692663430709746,0.002293034345523605,0.002669305271987378,0.003174823543711282,0.0036075974815412202,0.0038848220909172082,0.004019020891112405,0.0040499509652017545
-1.6079313623887903,3.5079296151771517,0.04602363088412087,0.008474113200505281,0.0017139253473451791,9.606213761245694E-4,9.871112048509822E-4,0.0012058830905203996,0.0014450841398173328,0.0016295129994610487,0.0017349996219183101,0.0017777947922051115,0.001780605457557234
-1.4874572588835964,3.352636347799151,0.04602467703509755,0.013805584705131551,0.0028975681454099043,0.0015411311069188553,0.001510686500356978,0.0018178669055758168,0.0021745854678055336,0.0024595071621269777,0.0026293130614081996,0.0027031639540720897,0.002713099747155809
-0.19646911029643468,1.2776650336200956,0.046024900677289975,0.047245223896698336,0.05091203331274697,0.05595544982722588,0.06002059293731416,0.06301747441881345,0.06499267347662875,0.06604928139812107,0.06644085116938858,0.06646949017845756,0.06635790070051793
-0.2660909676011167,1.5041645975978433,0.04602481323342202,0.04627454982349241,0.04643613651802109,0.045075067008449016,0.04270187301837161,0.04143205650014411,0.0413443252342533,0.041911871560082956,0.042657061924264834,0.04332899441252009,0.04381883395074125
0.04906570491668927,1.276518722945245,0.04602476019922854,0.04383083470547464,0.04316234909745338,0.04797219930561918,0.054607974463574474,0.06067242779345696,0.06502349521028847,0.06743583636208045,0.06832300436006769,0.06835816774243587,0.06803092777733837
0.2321911190798415,1.0902468823093494,0.04602424008331906,0.03688506821654717,0.03603618518859316,0.04364222687398329,0.053942181273938836,0.06314249142391058,0.0693271251912842,0.07237482410467903,0.07315426732098988,0.07279921995603843,0.07206078128155426
-0.49495304314357497,1.7832127387524705,0.04602478476979002,0.04607696856389016,0.04454056061447797,0.037244345712119646,0.030034753851060667,0.025988797744213307,0.024540765474564533,0.024676852317398034,0.025526836476271835,0.026545399424333923,0.027388101648298042
-0.5898582898899709,2.0160685770082982,0.046024778329121295,0.04599763598317605,0.0422122904234925,0.032243789294162765,0.024945682812034107,0.02137938807058234,0.020386336896635573,0.02080711286367867,0.02180434922356492,0.022877752932682568,0.023701378373510325
-0.24281691061060676,1.717017140204447,0.04602477951879164,0.04599544600549338,0.044699810833894175,0.040540101194128514,0.035844673261990874,0.03314969414564359,0.03240562689748138,0.03286011987620829,0.03378545649634416,0.03473120087258097,0.035461300714030246
-1.4552568231083953,2.8986001852086356,0.04602476906853307,0.03202134171669765,0.008858740758590196,0.003983753966053035,0.00323508448731146,0.0036122443280917084,0.004247604719003106,0.004837978814120643,0.00524521299417089,0.005462315566533651,0.005529709260721831
-1.2641688161565185,2.7192933190823636,0.046024772058333975,0.03889074732925257,0.014739612201838897,0.007072612776072992,0.005589558879157043,0.005959685172831458,0.006824034946452219,0.007695147677590668,0.008335959536635115,0.00870638079075784,0.008845982507583493
-1.0739436870544257,2.5102771972017592,0.04602477285630406,0.04366983316353872,0.02369846432279813,0.012669250949039573,0.009706993033454058,0.009632516691834849,0.010547574326943211,0.011668370935638142,0.012599471902916297,0.0132145288023803,0.013506613992468035
-0.6795717786617272,2.2775202474505907,0.04602477480496892,0.04580671483597025,0.03786277856639627,0.026570366593982965,0.020670236879021277,0.018479259529702582,0.01840003602023266,0.019292986092721006,0.020443937420374602,0.02146850356992388,0.022151423011589115
-0.460481495091655,2.208922110590782,0.04602477422673175,0.04597253359245784,0.04208214756079473,0.03310187273748277,0.02644394360867005,0.02308991685151151,0.022178707190987638,0.022675348443906986,0.023750872009482605,0.024873914861785282,0.02572364833582646
-0.8395906656052656,2.449201621578748,0.046024773784248366,0.04507924126932571,0.03113935688147244,0.0196225321836301,0.015442037822192204,0.014661644692256264,0.015385245008869185,0.01660269650220636,0.017755533953765643,0.018609916379180864,0.019085196038928085
-1.3450185299369932,3.16294302057739,0.046024732370923555,0.022677232245757583,0.005733606437426459,0.003078932527363312,0.0028986470437446996,0.003401151792963675,0.0040279057447231885,0.004547783754471454,0.004871012842414706,0.005021657470606552,0.005051824341383127
-1.4030134761107382,3.601621978660693,0.046024347754830996,0.006623631854051212,0.0015160174968405357,9.701582152944226E-4,0.001054623313788718,0.0012987034240788716,0.001548080009147472,0.0017320490265247542,0.0018319573349900415,0.0018689351841430495,0.0018677861812360936
-1.2257306237710937,3.4485352345032605,0.046024112509493724,0.013763516730996633,0.00394935860985371,0.0027121877204457708,0.002939943130648818,0.0035743097249969565,0.004222835075360557,0.004702305850408132,0.004964313235445821,0.005063153553451403,0.0050624332697774424
-0.014270549024866653,1.5360186963424936,0.04602476784021231,0.04520367929331489,0.04248995964196466,0.04165265606637012,0.04205095743103263,0.04341538535482722,0.045200454735258945,0.046797511558556444,0.04790574818094494,0.04855140779174986,0.04884224139019889
0.26988370420767455,1.4030029811728524,0.046024654194646124,0.04014299090045902,0.03344756910716012,0.03450462608038488,0.0390451488962828,0.04426313925693189,0.048575144530505425,0.051315325641924,0.05257886995912984,0.05290769707960453,0.05275094001568708
0.5175940993746206,1.2697108852966046,0.04602395044536218,0.02886143322588336,0.02084764225157264,0.022284633827510673,0.02699934478726036,0.03221489562337412,0.036330509171843994,0.03877707032089769,0.03975930630567784,0.03988029183616071,0.03959966526210874
-0.2745384900442718,2.0314725604397204,0.046024774385226556,0.046002578585334575,0.04409516841255186,0.0375046954583358,0.03102692184835099,0.027243048055768163,0.025919146653554798,0.026180396503152407,0.02716677328645218,0.02828523572012512,0.029185020313732907
0.014864605740071861,1.8651292292114117,0.04602477101443098,0.04568164720477801,0.04219085062421041,0.03760077903476253,0.03407629431936968,0.03255115688323915,0.03268918261074882,0.033697936750334063,0.034891877587518765,0.03590264955386035,0.03658183802022468
-1.1587293349847556,2.973353391374821,0.04602475295002131,0.03291840590230427,0.011538740752201328,0.006546820260236526,0.005944878679534472,0.006698459487722718,0.0077649793574262995,0.008703187439094331,0.009322283295905192,0.009637926937847978,0.009726993171324257
-1.0418590634954301,2.770502956804916,0.04602476683190164,0.04009884983544871,0.018508094694846065,0.010612393887276587,0.009034508008499934,0.009610022895286735,0.01082652418827113,0.012034914263295894,0.012917056428255021,0.013427543947316064,0.0136239807678448
-0.28863648445224915,2.315694995050477,0.04602477358135215,0.045985134435750925,0.04307714505908986,0.0355020263693011,0.029082345943309638,0.025531938702797487,0.024411744877814074,0.024813732436633238,0.02588950820200552,0.027051348640959882,0.027954504099011023
-0.48533397819023666,2.3848418041001382,0.046024773658250584,0.04587119590300015,0.04014352457504533,0.030784617528362125,0.024915886623963174,0.022319216611814557,0.021927959626652133,0.022710472680336234,0.023890271667229207,0.02499865952552333,0.025778371509427096
-0.8398965825603759,2.6755839741133602,0.046024772257112455,0.043519884438227435,0.026479807822821954,0.016962824080887836,0.014298651893681997,0.014455105525334128,0.015690519968653643,0.017126278560575813,0.01828802323712088,0.019040434941482196,0.01939528459968272
-0.6321034131374276,2.540246304233811,0.04602477295134944,0.0453651585553451,0.03496425289870602,0.02490699850973943,0.02050288847350679,0.01934959820299914,0.019907500916892362,0.021148763939888557,0.022419891095527902,0.023411380619215053,0.024002847858972744
-1.0618061979171383,3.2324620349396542,0.04602460658138205,0.0258212103448586,0.009362043813867953,0.006403249839348204,0.0065817436327804965,0.0077379008332965895,0.009018199621794355,0.010018337286228538,0.010604090759792337,0.010856069350547537,0.010889542465990122
-0.9853832348550946,3.5395672340719284,0.04602374032559622,0.016907890766229786,0.006996099381851756,0.005873565644041439,0.006760344374985766,0.008220984769919363,0.009579822201100442,0.010516445937543256,0.01098549953536297,0.01113298669029694,0.011099616557088505
0.2716691304696559,1.7086331696455588,0.046024752179313615,0.043484922945520234,0.03536592154709008,0.0320409879636518,0.032287016651006056,0.03425742680108084,0.03674825271239456,0.03889867237500145,0.04032537493899894,0.041093938562833325,0.041375466201636325
0.5222389794240584,1.5641092382529926,0.04602467222892653,0.03624238554535943,0.024303640044793833,0.022398982869881946,0.02472328881228374,0.028396734529939672,0.03184056682340047,0.03426321877752042,0.035535289271981435,0.03599520446868253,0.035978588434132104
0.728568672003765,1.4331290338702902,0.046024511331731625,0.025272815108287126,0.014183931380837646,0.013280083835598325,0.015497886264188607,0.018570376261599995,0.02127961419501639,0.0230706777451542,0.023922452127663328,0.024157677687519388,0.024061660174598418
-0.00493451208992727,2.2218372521630045,0.04602477310632573,0.04595722349803969,0.04348050532399413,0.037243120063196154,0.03144309044269648,0.02809195148503643,0.027040222779310005,0.02747960649971703,0.028573264853961035,0.02973237526190064,0.030630522060928506
-0.14274578057379142,2.4674231488365543,0.04602477355575582,0.04598657050836657,0.043444975676303135,0.03658342559600978,0.0303813377112871,0.02680371190449162,0.025621840082027458,0.02599883171236435,0.027083110866298783,0.028263206361807784,0.029187644356516208
0.28897136795033024,2.0297687141527656,0.04602477083957105,0.04517075060556047,0.03801301259543399,0.03180720323713617,0.028863865380604207,0.028313379845308195,0.029230766106523965,0.03070656744586406,0.032091802817080455,0.03311243170837896,0.03370466864618149
-0.8688744110792164,2.963620842970089,0.04602474617041491,0.03864201303887555,0.019598836658801428,0.01325283618742046,0.01240633919501473,0.013573832156804678,0.015294754622655865,0.01684400866715381,0.017892546986313953,0.018451985710701807,0.018636019859782197
-0.3637846507236126,2.579673094172663,0.04602477306138903,0.04580397330990999,0.040312994237697304,0.03217184963857376,0.026927810596635952,0.024596230046348148,0.024344966906998382,0.02522442701972052,0.02646208638517678,0.027588826624141135,0.028369108617532838
-0.5856546381802218,2.7963814354991023,0.04602476962346852,0.04437629081929765,0.03210116226193737,0.02381754112893472,0.02102199926784287,0.021013214458505805,0.02229582192341475,0.023907398920845733,0.025270026639913405,0.026192236045665163,0.026664661891783566
-0.7880451413601018,3.3057206768458385,0.04602467497968111,0.031493554462527856,0.016105051013608266,0.012982574437233723,0.013888309966687122,0.01614509416349445,0.018468182791611363,0.020208339293563665,0.021186189235396755,0.021583439227245035,0.021616425395640206
-0.7318654051008647,3.5587762617874272,0.04602450788968504,0.025411179548265155,0.014182777741023866,0.013211973748805067,0.015382036038845942,0.018420435571615327,0.02111111666437804,0.022897083050463313,0.02375161248733568,0.023991942105896745,0.023900531595397404
0.5488596024907397,1.8556923450547285,0.04602476107681702,0.04112920105567632,0.027612163341355158,0.022489707463814592,0.022316263402399245,0.02421452826567734,0.02666893231542716,0.028783381289743257,0.030169886483223256,0.030892401756345528,0.031126226790635342
0.792075899342986,1.683297508408033,0.04602467263263533,0.031028690385758204,0.015784498385296077,0.01277171676844187,0.013718473167185689,0.01598391521910733,0.018298608076262202,0.02002303615063569,0.02098545137563521,0.021371451133071998,0.021398238087556865
0.9737791055186433,1.4490347842315447,0.04602374533556889,0.01688925190275559,0.007118998878884301,0.00604576157906134,0.006986795385905096,0.008500043942809746,0.009898218882030435,0.01085642384198481,0.011332484492600733,0.011479218882643053,0.011442056644953747
0.07115302970992507,2.5180758308812607,0.046024773456608596,0.04599320301307033,0.04369270232198244,0.0370460837568966,0.03081757841151886,0.027151628731830354,0.025895186446240958,0.026231237179299458,0.027303134038609896,0.02848704354567826,0.029423083078362392
-0.1375222083586046,2.6527567962171577,0.046024773394025165,0.04594029249699377,0.042817116500518684,0.036065621622523136,0.030352992657865376,0.027208474290223755,0.02632800243640852,0.02687137749825604,0.02801176410611227,0.02917887947125409,0.030061439655858314
0.57243317868786,2.1545235238036917,0.046024769845177636,0.044129335790090964,0.03169811503378925,0.023816875271481738,0.021332674195922427,0.02154490169930895,0.022969562418429845,0.024651693662646024,0.026029162050657962,0.026936254205757227,0.027385246154724877
0.33093620240358157,2.3727967650382,0.04602477320664084,0.04579158563833702,0.04044682806722855,0.03261825075399633,0.027505144000353476,0.02521878659825688,0.024988430485312078,0.025882304230115807,0.02712825542101901,0.028257181538292545,0.029037721146878307
-0.5550075493274261,3.1075384227830622,0.04602476148097356,0.041566509290335424,0.02797953054329413,0.022486464949972165,0.02202647143979179,0.0237179359153312,0.02604820013043341,0.028114028965614605,0.02950350473902749,0.030250685289686333,0.030511276795604152
-0.274499744647365,2.900364375101682,0.04602477077126567,0.045427756493031025,0.03902762499098305,0.03247422224829255,0.028874611728336632,0.02775442147485687,0.028290467634814936,0.029578656606597968,0.0309254774080612,0.031987618960593794,0.03264643656837796
-0.5208458073912829,3.4268791791390028,0.04602467307340216,0.036486027498174235,0.02448703309961005,0.02248227008432747,0.024732200159764853,0.02835594122150571,0.031776167594903086,0.034196044863016035,0.03547654532474998,0.03594737691425088,0.03593969167498389
-0.5312852388297447,3.730027541354292,0.046023946807565434,0.02828969108664407,0.020197718657581857,0.021533195310947804,0.026107061688135296,0.031192621179550354,0.03521710027932302,0.037615644107586964,0.038582531669197284,0.038705454705391516,0.03843350592625964
1.397795807061079,1.3750805634610856,0.04602434449633725,0.006097751299452599,0.0014146459264668435,9.207159179006381E-4,0.0010085320919667568,0.0012437251588388286,0.0014818130555191353,0.001656291608965417,0.0017502528651989382,0.0017844565230673499,0.001782748874176175
0.8457690445663247,1.9938219331053901,0.04602474625624175,0.03812353135427532,0.019522392805794406,0.01355262124110909,0.012910723473828696,0.01422472519616753,0.016048721877344744,0.017653267778676218,0.01871770574012513,0.019272041119785085,0.019444038532678117
1.0465610659800102,1.7527005295227545,0.046024598491695,0.025685978019242096,0.009493693055317302,0.006600935648444664,0.006835793270827978,0.008048245217222501,0.009374699255850478,0.010403400733498077,0.011001070322567764,0.01125491956218548,0.011285553521811651
1.218881332810989,1.5439396264539322,0.04602408187574473,0.013641324237463037,0.003959899994752991,0.00274606966143549,0.002988506971518026,0.0036355875956138165,0.004293565396804305,0.004778175560041045,0.005041739780532961,0.005140267748414335,0.005138558127743195
1.5881887493535896,1.484616503781775,0.04602363095061843,0.008227881217396739,0.0016570608399616108,9.284550504475599E-4,9.550193878989942E-4,0.001167346453527167,0.0013992462891990773,0.001577940153790237,0.0016800708118050848,0.0017214429406956313,0.0017240964483635057
1.87851012438915,1.3068645076806031,0.04602446389061159,0.005996760875273462,0.0017647610240148265,0.0013521519942194134,0.0015609528590079084,0.00193204141627023,0.002281989033424479,0.0025247977602041384,0.002646562400107128,0.002684467246183989,0.0026751557433966895
0.8120965752781641,2.2777229100250374,0.046024772201381965,0.04326383768206029,0.02637016730306897,0.017295385688113892,0.014842073687631073,0.015132246923052555,0.016463842065427173,0.01795945651546338,0.01914643112064431,0.019901531189194247,0.020249409022131903
0.25206722499224277,2.6685282875792016,0.04602477358746149,0.04598862214277153,0.0432685147979286,0.03593655411947742,0.02954513715055643,0.025947105715825477,0.024779735859594722,0.025157732851913386,0.02622935024508163,0.027396445251291788,0.028309087676052388
0.02370108052729632,2.8038607863331984,0.04602477299913626,0.045959372688243995,0.043534660704615924,0.03735417051779008,0.03156358632971811,0.02821257011236883,0.027158851832571603,0.027594622720664347,0.028683566008361056,0.029838690468952007,0.030734661799090512
0.6240343378406275,2.439930017934134,0.046024773041184,0.04532616178020504,0.03485793914417402,0.024941183768210428,0.02063569460237216,0.019545050175152748,0.02014311880860861,0.02140803809460669,0.022688432280789064,0.023679330709684043,0.024266289748890706
0.468167929036263,2.597996833544987,0.046024773661616156,0.04587123383016311,0.0402559196604507,0.031062781759494385,0.025232772754247283,0.022629008170900477,0.022227356491397406,0.023007951973316988,0.02419169997792678,0.025305079750572813,0.026089693937590242
0.44773176722759933,2.7868321742435476,0.04602477415690965,0.04597471399876038,0.04219445286464366,0.03334066807458011,0.02669030538670204,0.023308649130281283,0.022372644035163335,0.022857566586939996,0.023931741934897863,0.025058203927129697,0.025913291564065594
-0.28450380713271023,3.2565225486302567,0.04602475323779747,0.043620802083413394,0.03528429862307258,0.03155401424438017,0.03146242631703511,0.03319028447407251,0.035541765363919155,0.037642738377626904,0.03907746254538503,0.039876399440120364,0.040189061665998164
-0.014248736151888732,3.111441511490611,0.04602477078609388,0.04571466440959012,0.04228355551417395,0.03753004498839266,0.03379609228146067,0.03210450902340675,0.0321366429745265,0.033097572263400134,0.03428584816047137,0.035311969156993334,0.03601170696932362
-0.28735177852881516,3.574370806642903,0.046024654228056176,0.04003787290218832,0.032813757602732356,0.03342847510291235,0.03762533256223521,0.04261616717440928,0.04681951235709727,0.0495388395843851,0.050826669092700734,0.05119150067100273,0.05106533331631374
-0.2505946693022144,3.8923952250985723,0.04602424883702234,0.036374473606665535,0.03475305368490072,0.04167717128928824,0.051407202067116846,0.06024280577472557,0.06627366043139483,0.06930812717652379,0.07013802836244167,0.0698466489830873,0.0691598298413902
-0.05649868592521966,4.1160800804434,0.04602447495441602,0.04472409884254839,0.055798897926943425,0.07435979373178947,0.09354902501128219,0.10801149656876084,0.11606039998952337,0.11891949552515176,0.11870118953945386,0.11725860060286063,0.11569228143738876
1.456808569120786,1.6308277216841278,0.04602467502380611,0.01338700107710501,0.002862211861977443,0.001560148925386099,0.0015488990100888222,0.0018680283595377217,0.002232738145136191,0.002521506414634871,0.0026919824255765387,0.0027650558780077227,0.002773895127986523
1.0025893980992222,2.1935911466451743,0.046024765562700076,0.03987013705186725,0.01880501189693857,0.01118375543430351,0.009716808284987223,0.010389286444054471,0.011698634606731022,0.012976424255093951,0.013897451004842043,0.014423705183432218,0.014621959896266825
1.0011306970253473,2.3678538152003386,0.04602477207294122,0.04274741783820568,0.022733900543540103,0.013012679354863063,0.010574940175652569,0.010786849577000771,0.011897188008726604,0.013140730028692463,0.01412400641420058,0.01474392708860311,0.015020940853683332
1.1363158180052595,2.0276812282205916,0.046024751741356944,0.033350795982393815,0.012035860274307556,0.006936546004417511,0.006324310151127826,0.007114957856049007,0.00823226923385247,0.009214989173273416,0.009863526158755518,0.010194528821540734,0.01028842830280076
1.30759856797514,1.8228693742181072,0.046024731078064644,0.022649455923586734,0.005950504246808788,0.0033128407110611384,0.003171022930267041,0.003728321671688587,0.004407931972244994,0.004965691365925284,0.005308824058122031,0.0054664895325279095,0.005496183576390846
1.7890972851868876,1.4961257669003643,0.046023785940581145,0.009878628213234604,0.002375312666001931,0.0015093619502751677,0.0016162744557423182,0.0019765799823987305,0.002350805849279398,0.0026299768691749434,0.002783746888062806,0.002842268079596038,0.0028422108508821407
1.6584804821582728,1.648109702568901,0.04602451034990938,0.013864475524369957,0.002914491923405356,0.001552920733370572,0.0015237458574095706,0.0018339605829847787,0.002193576259056819,0.002480449278586172,0.002651127388646369,0.0027251197310256916,0.002734807267015474
2.0732615714048075,1.3867663303849715,0.04602361847606189,0.012064526251676071,0.00458425713701269,0.00383916814186194,0.004478084227523246,0.005495725390878873,0.006430760661862445,0.007066875610831966,0.007378391602060325,0.007470181793081898,0.0074407702535687955
1.9768656031106893,1.5390808533849216,0.04602466177208194,0.014674667673930402,0.0046181245967944805,0.0033427203656466423,0.0036805067139653275,0.00447398629076158,0.005266481933664815,0.005842518377888421,0.006150660429334186,0.006262138175127899,0.006255946638878812
2.2466844883382016,1.3364806038959152,0.0460231374527938,0.015796116610486275,0.007653372864213355,0.007137771863298822,0.008537946678415191,0.010432616005438607,0.01207995706632316,0.013148624794547514,0.013638181656541645,0.01375618423471685,0.013680686502078586
2.435910538534209,1.3404634692928783,0.04602439162537665,0.023170719841365733,0.013712029128714031,0.013555081014450767,0.016230597557087407,0.019577820885595464,0.0223946053823224,0.02417323372308076,0.024959160012241393,0.025125331255714027,0.024978330714649197
2.9686844912288763,0.9263034680652215,0.04602398890832099,0.037928975909034705,0.042779912860691466,0.0557316953501509,0.07052072287086063,0.0825488373084645,0.08983700387726766,0.09287125540674505,0.09315990917442175,0.09223939327919439,0.09105579086004688
3.141592653589793,0.7263354865375993,0.04602454591382821,0.05207404280781296,0.07322718291107565,0.1016752607638258,0.12901492996501554,0.14822461635271122,0.15786452904607584,0.16045786754258537,0.15926589625068896,0.15678469387301971,0.1544294543309345
0.8745008672541814,2.5146424820059465,0.046024773765915516,0.04477901360150526,0.029462310898152388,0.01814940248021191,0.014349673165872613,0.013824470446161552,0.014668736444931331,0.01591811804351903,0.017048717407541412,0.017856824047091272,0.018287410831190676
0.271412111534868,2.9670435720412973,0.046024774360258376,0.04600233033075928,0.04409610527835572,0.03752245961897094,0.031057170936191727,0.027278704122338564,0.02595717225975569,0.026219770339651338,0.027207011608833823,0.02832578493248735,0.02922557818194624
0.6860701127172641,2.721896922929851,0.04602477472892858,0.04579904044742052,0.037724328654262375,0.02637136696392267,0.020494234439942752,0.018333814394730943,0.018274537539920383,0.01917557957511722,0.02032653244073686,0.021347012983463583,0.02202465073845254
0.5590188403598149,2.9775023673757035,0.04602477825421125,0.04600071230748303,0.042485223886813944,0.03289447517865654,0.025636987849148443,0.022006195971888545,0.020951828653470502,0.021344452916961156,0.022339507086539475,0.0234218222117254,0.024259097649071613
0.23022492061815594,3.273353403736053,0.046024779585017446,0.0459846470635957,0.04460643378122023,0.04043722899237573,0.03579308274575881,0.033141636638120746,0.03243009795578577,0.03290698177259968,0.033845633088603,0.034797000013480524,0.03552752975279145
0.0016879137894577252,3.4412667561436265,0.04602476747765721,0.04517068904225407,0.042156549285997096,0.04097419721983902,0.04112821521438522,0.042350187951535966,0.0440792266286117,0.045678473199121786,0.04681577446877217,0.04749459211939637,0.04781093258247672
-0.06812936605635665,3.704677508055137,0.046024759271906315,0.043532956540650175,0.04214646711763626,0.046377597736424435,0.0526298205381037,0.0585063771343692,0.06281943848114926,0.06527321870041201,0.06622365320510105,0.06631498622640396,0.06602502966770431
0.2457595116722944,3.478414188131853,0.04602481337724663,0.04619294408871685,0.046061700713117326,0.044542253641676764,0.04218277347667825,0.0409731561217719,0.04095665480987819,0.041585704570548256,0.04237311798732088,0.04306842133542429,0.04356657673387638
0.03376587915850853,3.9040942014582782,0.04602477861840238,0.0463116928994442,0.05256444117804395,0.06430095276707264,0.07647976030989702,0.08577898611970365,0.09125114020916779,0.09349924441493283,0.09371346711682878,0.09302785392327884,0.09215566516379191
0.12114114174769472,4.097051121407416,0.04602520189376755,0.0549927156622241,0.07477152214204763,0.09951439329010808,0.12184556934954269,0.13659767405459686,0.14356951902297044,0.14514803124327147,0.14396965089028346,0.14191684346257208,0.1400573417351538
1.1059172445691503,2.5208990854987667,0.04602477374248959,0.04381465755658711,0.023693773681998404,0.012335126692770685,0.009272056136907417,0.009140423267328,0.010004491281550718,0.011083320965471143,0.011988305145330383,0.012591235264629205,0.01288004529594265
1.5883428591108149,1.876476327750742,0.04602473207509299,0.022749714165338365,0.0051185442013270644,0.0024322400637651425,0.0021551503132916667,0.00251069610363391,0.00299180890660582,0.0034048922071389658,0.003670220961196892,0.0037990209224790903,0.0038289498614170847
1.2157761530173388,2.298322171902255,0.04602477211977307,0.03971099331502149,0.016020438154356557,0.007934246588635707,0.00631060564963813,0.006681935688358188,0.007605484352419791,0.00854771453726333,0.009247269020258396,0.00965660094930873,0.00981506389648064
1.3986622157277226,2.1056049602619686,0.04602476848950609,0.03254873220729251,0.009364537395926797,0.004331632915421637,0.003560181312456352,0.003971409484788954,0.004656886439100748,0.005292229300257477,0.005729744990741394,0.0059628687047724805,0.006035375898838032
1.850419170603271,1.7515607936519544,0.04602473678890891,0.02005085484573905,0.005268052618248657,0.003080016590530592,0.003049762391326992,0.0036219641428664874,0.0042840003502310426,0.0048121741797798176,0.005127229759079434,0.0052652623460010305,0.00528508956240395
1.8046287116729682,1.9954402334488712,0.04602476675337733,0.029107828126791097,0.008103153290101016,0.004077466012438667,0.003587299508684304,0.004092515766788741,0.004812878935033652,0.00544566911946327,0.005861456464622813,0.006070547093371507,0.006125913788148084
2.1914578130156155,1.5588231276126638,0.04602451921115847,0.0215448595444577,0.009104833588733348,0.0073663657910313885,0.008239810965947449,0.009898501939828072,0.01149985949176213,0.012637830904978132,0.013232143357587328,0.013438408566979339,0.013417558813502444
2.0816271559276576,1.7197378452483356,0.04602473321723196,0.02410360475462621,0.008713742961981677,0.006114418262563256,0.006404221971994735,0.007583390044712047,0.00884778175092442,0.009814852947987389,0.010367091354645,0.010594330249940092,0.010614092610396104
2.394611651269169,1.524105060471471,0.04602464007223165,0.02753333696313631,0.01486839768910894,0.013215449130358983,0.014993281501414714,0.01779909401494195,0.02039088791404409,0.02217532816794757,0.023074315830140243,0.02336424837151233,0.023309286004515022
2.633040136981723,1.2346757557631614,0.046023761688390945,0.028250848991153602,0.020872521549500225,0.022740302407714196,0.027774280157852143,0.033191733582248396,0.03738557455416002,0.03982343257955078,0.040758931371013656,0.04082971276517094,0.04051045871402759
2.5682288706774816,1.4459848383120635,0.04602462867155415,0.03157735234068036,0.020553285724715684,0.019863667537678646,0.02292815914059072,0.026989753444680242,0.03052047723681949,0.03283530163526175,0.03392993186060926,0.03422923696901897,0.034103031783613125
2.909594634996993,1.1479876270315743,0.04602458467488756,0.03768814780155955,0.03563519989447786,0.04197692766949162,0.05115822001724948,0.059584772228020354,0.06541068064391141,0.06840098373450249,0.0692711895695522,0.06904258166674261,0.06840952224423567
3.141592653589793,1.0147566673210098,0.046024738906223356,0.04604768861620159,0.05430171087064495,0.06897261122694208,0.08415417216984226,0.09562491571707958,0.1021600032991374,0.10464080621601086,0.1046508851412668,0.10362708905540256,0.10244633788224682
0.9695167690515799,2.7555994371462242,0.0460247746865027,0.045498082610242914,0.032191874430331995,0.01871657878426172,0.013609153870309245,0.01236396539087435,0.012803324439777693,0.01381472817382664,0.01485082216869421,0.015670599170855847,0.016151165653954632
0.47721231449104956,3.2032112430575914,0.0460247846625813,0.046069801060023306,0.04452714495419129,0.03734797355127717,0.030221743801485568,0.026201630027691946,0.0247627795090561,0.024907104142246016,0.025766345865102357,0.02679146647267196,0.027638037625184835
0.8595170036560743,2.980773297880427,0.04602478047414731,0.045923680885986924,0.0384250035220687,0.02507599176111425,0.018069904062912253,0.01545317261082481,0.015168079899282429,0.015884066955184628,0.016892815693587724,0.017847328871072307,0.018503985794494904
0.7469671326879012,3.1980573266132524,0.04602481084314442,0.04607071164575536,0.04265905257016581,0.03157251497613462,0.023411315104095488,0.019564548378413375,0.018461220692219362,0.018776977206739057,0.019657779685089125,0.02065140973726293,0.021431240519188686
0.43627207408859225,3.423784304729023,0.046024805919831165,0.046347466904717353,0.04634168327049037,0.04212132739443531,0.03654076578075322,0.03315129130475015,0.03187898451656285,0.03195614424227066,0.03264538824710802,0.03348018599023237,0.03418674194139664
0.17006553392277984,3.702592516011281,0.04602489939120895,0.046841164469629715,0.04964152207194405,0.05409903831001401,0.05795482902768379,0.06097993987243638,0.06309078182346987,0.0642932313480236,0.06479304168050581,0.06488808586609109,0.06480627600653065
0.3702205846042366,3.613176748420945,0.046024954656594966,0.04723563392860314,0.04979088509477649,0.050186627279210985,0.04839268212902691,0.047084300611701685,0.0466526384874076,0.04681079412271532,0.04721872721619923,0.04766260593724784,0.04803493279616193
0.25495504903589,3.970278118845369,0.04602549637104753,0.05502899028449948,0.07203759425300103,0.09063672613923891,0.1052167148103038,0.11365320445718985,0.11703240944740535,0.11731794006514747,0.11622360076791084,0.11480261174568286,0.11364294757027764
1.19987729513295,2.7148921703634317,0.046024774855508516,0.04492349496162303,0.02657656982680317,0.012947156691733377,0.008881025116560496,0.008281825137200972,0.008909085745374138,0.009855732006546469,0.010718857672906033,0.0113419725365287,0.011667602676759432
1.347990317935918,2.562259083800152,0.046024774213992474,0.04333378109841319,0.02039610278568955,0.008906867222930154,0.006127946818458816,0.0060393051739727,0.006739618249476048,0.0075929841374805735,0.008299690493500302,0.008761138215725849,0.00897256824984144
1.641802296517544,2.1809215084212616,0.046024770078109116,0.03457897071211951,0.01014019357091099,0.0043747303753825925,0.0033999140631640903,0.0037295524915284405,0.004366939457422944,0.0049816454804668744,0.005418210884803132,0.005658838181837146,0.005739598153920277
1.4999355679172028,2.381046102572465,0.046024773038398775,0.04000895733143941,0.014561522097224422,0.006013111365903997,0.004285758958395179,0.004468791869667956,0.005137088793962672,0.0058527518847596915,0.006400436402606283,0.006728201611948747,0.0068584350591339325
1.8774719799621635,2.1873281881323896,0.046024772181095824,0.03644064556110822,0.01271087239980517,0.006268783566569213,0.005162032138418332,0.0056347296690980415,0.0065065449603272495,0.00733967485381429,0.007928084340724038,0.008252559286774418,0.008363056895367432
2.053046339705484,1.985847504664785,0.04602476650959516,0.032900873329252345,0.012343948389610514,0.007488220486686333,0.007008720587293974,0.007926550933090101,0.009156386514358574,0.010214399869498401,0.010898305242484443,0.011238314987238871,0.011327458631281326
2.3197164079821087,1.7930530278879317,0.04602474537060651,0.03344021717962036,0.016614151441632512,0.012637251680736424,0.013026340966731973,0.01492881463706572,0.01704051237989442,0.01869928755737121,0.019681713000583356,0.020116729477143297,0.020189113581908804
2.605931861672027,1.670157386436464,0.046024744948849734,0.03814079320527374,0.0252644258866575,0.02214163504714713,0.023528544383714826,0.026535905084058366,0.029613109824049588,0.03192491413123356,0.03323998578648269,0.03379404740112487,0.03386521178109217
2.833802921938682,1.4633508829049127,0.04602469548543264,0.0401056130342169,0.03217629008143342,0.03212160543184723,0.03577555917974334,0.040388828505849565,0.04439367357891472,0.047054632232003714,0.04836198174388017,0.0487713029042557,0.048685895601631606
3.141592653589793,1.3407171180542332,0.046024764504160764,0.04474427468137119,0.04388663832560436,0.04712988144357199,0.05176583979581332,0.05620002146339199,0.059595675151173894,0.06164833967719081,0.06254949015675332,0.06275223527630347,0.0626137345845955
1.1787297075670047,2.975191562164293,0.04602477880087152,0.04576000144532304,0.033144588186185577,0.01727340332259135,0.011202197106116762,0.009595479875473281,0.009846334155514768,0.010671529272273703,0.011560494192311909,0.012308030868160373,0.012759714552645478
0.6631623986716223,3.407616460037615,0.04602492704017124,0.046445260413861565,0.04573387809627047,0.038062806802389,0.03016949275851891,0.02581427757580648,0.024159135733109353,0.02410108705469025,0.02476853417639321,0.025657345326105373,0.02642864411562654
1.0137638833274318,3.2171725352787472,0.046024807532600846,0.046076715698965126,0.04002175910835434,0.025315683645436998,0.01703404885397174,0.013866822140731894,0.013320331813891565,0.01385302302017133,0.014719609115216026,0.01561083837637632,0.016254221526977284
0.9060082765730357,3.4185486658612043,0.04602500328348644,0.0465650555667054,0.04443782070166597,0.032917890146779906,0.02373775019758242,0.019389312324042837,0.017981128390730104,0.018064866972875016,0.018750638306683356,0.01962059593466998,0.02034449508043058
0.5794413590953461,3.634033735505388,0.046025109060921304,0.04847849019306152,0.05217566991428816,0.05064772687042008,0.045817083027246956,0.04226109992453902,0.04040852457093381,0.039836838633624715,0.039989582164302234,0.04045029266051215,0.0409548526740774
0.4195644442421704,3.827058997727178,0.04602585743283338,0.05248252046076742,0.06371090796843494,0.0727177899191239,0.07675276397220394,0.07781833071610555,0.07753281665192158,0.0768304411179046,0.0761776835065897,0.0757018593904633,0.07545754517625793
1.412401672590347,2.8315573789538204,0.046024778257932934,0.04521381197863522,0.026857845487180853,0.011765774830820393,0.0073124992988439505,0.00656685625717593,0.007079824323345397,0.007900015166974568,0.0086649509307076,0.00923297059867551,0.009533103371947129
1.6017523539262464,2.673029407994165,0.0460247777568134,0.04417649635040691,0.021980314587589086,0.009023114555053682,0.005754401707787131,0.0054730465613766315,0.006074236879607183,0.006864828448544048,0.007546260848326536,0.008009217182081139,0.008230673011890002
1.7987042013480963,2.4601262421405443,0.04602477375200236,0.0419798722190668,0.01783174639623983,0.007850966074802977,0.005624113521563308,0.005718265352411212,0.006458266969210742,0.007293700673816558,0.00795493467561345,0.00836674003994964,0.008542635796324605
2.089178350566725,2.314305451986485,0.04602477298145858,0.04153691797387529,0.020127773885973813,0.011220588064073002,0.009218659865647476,0.009595888227075538,0.010718144187094618,0.011899956263096699,0.012797442430791839,0.013338857512720239,0.013562681554476241
2.3367997648830015,2.144909466095455,0.0460247718280326,0.04164660795292092,0.023894590261164524,0.01617462025532573,0.014558784346530402,0.01536026219687408,0.016973950259488557,0.0185728303212041,0.019740421312302737,0.0204219702225133,0.02069395098351948
2.601740599692637,1.9828517772276484,0.046024767971703025,0.042894238501251264,0.029970598733664835,0.023600249903042967,0.022340375946452024,0.023438746795651885,0.025415771328253404,0.027343790274995533,0.028741958995634368,0.02956059582387569,0.029898910517667684
2.863000064910862,1.8117044871117876,0.04602476936062178,0.04417433068382939,0.03611453578324938,0.03168590987461581,0.03078890839790892,0.03186671056938739,0.03381132835987,0.035737219745893466,0.03715771412400312,0.03801554675649551,0.03840157024529947
3.141592653589793,1.6719359707816785,0.0460247709323184,0.04539370629145261,0.042003497697881566,0.03924966807814438,0.03771701110754631,0.03768569028069491,0.03870325879108814,0.0400481339806146,0.041216719245172354,0.04204325215548741,0.04251681417398414
1.2560031749255012,3.2783878454654434,0.046024813168970176,0.046185768769992114,0.038789318777595776,0.02188102124056854,0.013453066563290027,0.010595399563672296,0.01027988655848319,0.010848810217134562,0.011636349705807665,0.012426364601795822,0.012973219336736676
1.4939680157823787,3.158392533125271,0.04602481126223694,0.045952463134375225,0.03469418126333176,0.016821645554013488,0.009735322904086787,0.007781740923559251,0.007903540613179228,0.008602431752761193,0.009377353465685237,0.010072313401098562,0.010503528477106224
1.4305581786561423,3.36258051192627,0.04602506847726792,0.046484656364828354,0.039784980680795064,0.022201594152531395,0.013189355842535336,0.0101091509835853,0.009689626717646348,0.010178283452223196,0.010891851456543991,0.011639619891708374,0.01216806644028705
0.8367778463091393,3.6415919758200475,0.046026146820615316,0.04993818808698233,0.05354414837881181,0.04801735167139038,0.0397121164140351,0.03436552004900811,0.03166297784661917,0.030751382193622234,0.030818743734214917,0.031338951023196976,0.031943156658887195
1.1351194790726822,3.452648633514467,0.04602488522071862,0.04728521698625749,0.04424331718716428,0.029904507710414783,0.02006994505904194,0.015863031790444907,0.014659856393025644,0.014802198997760892,0.015433869969208988,0.01622712492213835,0.016869048802678508
1.035965460686385,3.6045032207819547,0.04602583196773777,0.049597770834960836,0.051024634780064984,0.04096771037737509,0.030825019020312493,0.025323117437652237,0.022942293491939075,0.02234486211335411,0.022599829867752344,0.023234510796041653,0.02387728795577681
1.690714287632733,2.9748628164676907,0.04602479611947701,0.045637346765701116,0.03033738039778958,0.013703415437293769,0.008176057937211047,0.006962294620773156,0.007338981508456038,0.008119934383033737,0.008898443130689687,0.00952344713305523,0.009876873638298936
1.8953930500691316,2.827770627817213,0.04602478028815835,0.04535112754108867,0.02865390802038659,0.013754906228989462,0.009005140900934232,0.008096866203616826,0.008598693086413195,0.009481612355788897,0.010327569798066037,0.01096972814778069,0.011320707619406123
2.1175442992629043,2.6470982724573804,0.046024777088628004,0.04499134022575801,0.02857874540330865,0.015820198631766227,0.011671719461501577,0.010998547366657988,0.011684892171920688,0.01276498643505436,0.01376275247041109,0.014489262913241508,0.014878307955347824
2.3597268795332424,2.4841625619934464,0.04602477407447405,0.044977189513672,0.031391181482599624,0.02053846070864031,0.01658587886567073,0.01591301434373756,0.016719100264191097,0.01800572857744698,0.019202204406755376,0.020074905427618066,0.02055359839318024
2.613695155451854,2.3196767052126472,0.046024772995144896,0.045236133617283784,0.03554409342060974,0.026724412493384392,0.022826866585174594,0.02190777934411345,0.02261807054236842,0.023967600742954124,0.025296781428033713,0.026304666752268533,0.026893229755958953
2.8721591142536282,2.1579110526717784,0.04602477325006866,0.045577313394911285,0.03966180586424644,0.03285160430680357,0.028791450480463884,0.027276193275943054,0.02754400786496849,0.028692841451184597,0.03000093070920176,0.03108021958702767,0.03177527461182176
3.141592653589793,2.003161582468984,0.04602477325497572,0.04584699190231404,0.042839905799609466,0.03739840101131732,0.03268236430648834,0.030196917987804713,0.029712842383118745,0.0304262421751078,0.031566256527759205,0.032648100311959846,0.03343332657353817
1.7007531751118987,3.2206438974087828,0.04602481692876524,0.046061179837647834,0.03634001818194768,0.018437507610549977,0.010745103314384543,0.008458944890181317,0.008440205869144457,0.00909453327424466,0.009865617481132046,0.010588258631533055,0.011054649604377017
1.325276158508034,3.521524804961248,0.04602581385019328,0.04871370071860193,0.04643483448505884,0.03118838791734202,0.02064447047013696,0.0160836681690544,0.014653200658955588,0.014616002588061056,0.015102145455973772,0.015802993274458946,0.01639577632685506
1.614796540867271,3.3908832290175717,0.046024894337194526,0.047014964653917184,0.04088313914239577,0.02327339228451551,0.013977930461776733,0.010698915084431564,0.010150670019387112,0.01056107333605516,0.011228559618319332,0.011957226422846629,0.012483758931803354
1.503584989105257,3.52925169318749,0.04602598597620571,0.04902433876268148,0.04652322594004298,0.030515017794491717,0.01983501090030714,0.015315751190814141,0.013930090676700826,0.01389479240697227,0.014355212747772118,0.015028036768395005,0.01559446552603056
1.2378151527309644,3.690072151818528,0.04602516348372692,0.06393139969441569,0.07282412214843513,0.06397940491511055,0.05092567559980924,0.04209936416266447,0.037154942726132685,0.034935692162748576,0.034323750819032946,0.03458593747944972,0.035163044417637325
1.925423896123179,3.1749969719625,0.04602493303083773,0.046050625201639335,0.0370560628627456,0.020327227472142936,0.012712673528721711,0.01028784135385846,0.01017852356142728,0.010841958002754306,0.01167311406821402,0.01245733565563346,0.012975344895073253
2.1594282003013174,2.985549645755796,0.04602479670802754,0.045877515699141086,0.03648487469964817,0.0219095831998592,0.015192951101441499,0.012989804945456715,0.012953556990717636,0.013737397774040483,0.01470801171675318,0.015581918759730628,0.016152465500219596
2.3897207818389323,2.817122096555473,0.046024776183903986,0.04584730034133741,0.03784122696977097,0.025713647446307508,0.01945556807493935,0.017146585502864877,0.01700963019042319,0.01784115596580785,0.018935857987068,0.019925527958445936,0.02058817206537007
2.6306665944257124,2.654760580373861,0.04602477418780752,0.04588076311144595,0.04013373249579233,0.03051477013024512,0.02451373537728319,0.021865180511577122,0.021446331562363752,0.022204324001985184,0.023363114240988688,0.024457586444141085,0.025227908961489687
2.8814795042238646,2.493258940775173,0.04602477362387336,0.04593803487568856,0.04232680807337922,0.03483122984387119,0.0289269677807221,0.02580525629945894,0.024974657737474926,0.025540523670175008,0.026679239206518292,0.027834387674690934,0.028697794950364754
3.141592653589793,2.334387194156289,0.04602477366830692,0.04598227350731542,0.0436557812215855,0.03719922390807374,0.0311232491274283,0.027554875609641327,0.02635664372847125,0.026718189395519436,0.027789028810984436,0.028956519577674294,0.029872618738516696
1.8072035860952098,3.4436347107747896,0.046025580844689655,0.04754183801412514,0.04327431566633006,0.026965553548196075,0.01715993817360559,0.013325323734661623,0.012402364211781603,0.012639811810849265,0.013253115098848509,0.013990862264045814,0.014561736923349883
1.6725551750313288,3.6415483870196295,0.046025209199050794,0.06300543121413092,0.0692019155450395,0.05692959702346944,0.043440044117610606,0.03524659272891078,0.03102021892505488,0.029278459686296148,0.028903514003739778,0.029268092200656126,0.029848922593442354
2.034972080998953,3.4820631619024804,0.04602547386085588,0.04767101917110215,0.045520276234192907,0.03202791724846687,0.022102784302206344,0.01764530224458326,0.016226062072854028,0.016240120989592075,0.016810285744128777,0.017580843264536673,0.018227472711376754
2.2066139118987764,3.3026787748005155,0.046024834109573774,0.046231556770748326,0.042261037767479644,0.02913400922094686,0.020346791900093374,0.016566653482065707,0.015598874854828504,0.015932718376278136,0.016737464083114006,0.01764333519636459,0.01834327008417597
2.422009597571693,3.1435761080168128,0.0460247948056427,0.04604265327492884,0.04236486892210601,0.03134963440262428,0.023411771699993218,0.01968144386711328,0.018643145160786773,0.019000841556332925,0.019911139803780523,0.02091747020210211,0.021696821674235558
2.6489491199387256,2.987585410735541,0.046024778211793786,0.04601028652723966,0.04316556720864779,0.03445035394570381,0.027264997862946113,0.023472505286135207,0.022264880875437668,0.02257709731153353,0.023549366184146533,0.024636765794663715,0.025494130482618855
2.8905644605243666,2.8267027440460013,0.04602477420876572,0.04600064930947478,0.04380207676046361,0.03683920441642554,0.030316318838557618,0.02653604322536279,0.02522630418517967,0.025510699724477,0.02652707889108685,0.027669737087351928,0.028580137047899825
3.141592653589793,2.6656128058435935,0.04602477367086396,0.04598270188543727,0.043655765374387,0.03719886615620446,0.031123036656129675,0.02755472352744594,0.0263564215706641,0.026717822088495213,0.027788504120400393,0.028955868203897662,0.029871898201348612
2.128546680070333,3.7399124520768434,0.04602511611300369,0.06143230819911792,0.07251969326381887,0.06926696553626738,0.05919487156679837,0.05113211625609165,0.04607836766431809,0.04355736906949356,0.04270100625149437,0.04277259188694687,0.043245458698318154
2.2723412433733636,3.6034046156798896,0.046025376766967434,0.04900489294620335,0.05116995863216072,0.043954016962213106,0.035155674379223456,0.029951040378957874,0.027540931336195795,0.02687804943729431,0.027104397105533338,0.02771823497783237,0.028358268884389342
2.45519701393812,3.4535092309078994,0.04602496578942399,0.04660078667644591,0.04630067697629286,0.03891277144002301,0.030999753130823232,0.02658600094183135,0.02485584427001358,0.024723309875889308,0.02532536168175512,0.026165297679753927,0.026907925814232573
2.67253390540718,3.3148337455367454,0.04602479726876327,0.046162835427804076,0.0452988277246175,0.03928517396708169,0.0326043553437432,0.028715936636309922,0.027274584292086537,0.027358548620009773,0.028134844764810086,0.02907956125865342,0.029871539162436903
2.899736721766142,3.161534517790868,0.04602477912390302,0.045990080493029516,0.044410747968464066,0.03919659761779051,0.033632787588026014,0.030377953911847385,0.02933220880276771,0.02968617763403712,0.030638456966324005,0.03166454575757809,0.032473678857229134
3.141592653589793,2.996838417530898,0.046024773292218914,0.04584935287444782,0.04284000675524901,0.03739730254491504,0.03268244919049775,0.03019798073134573,0.029714284589057966,0.030427574584577354,0.031567234375187776,0.03264870523218811,0.03343367341811616
2.4578121287644716,3.7023497672927466,0.04602582499464127,0.050471001289166526,0.05650277840406457,0.05575100084774125,0.05049545462911291,0.046222232997302506,0.043663713240456564,0.042551734630770895,0.04235882955119458,0.042629992193630714,0.04306040587586338
2.6964278315147157,3.6453361884916755,0.04602497654022104,0.048012823378317145,0.05171373688828083,0.0523059387336833,0.049973627511904435,0.048045804521047196,0.04709124099027961,0.04689559418987738,0.04711180228273842,0.04747716433075671,0.04784033550542193
2.912883147713684,3.4974610172776748,0.04602482059133039,0.04620418517582816,0.04614144905050669,0.045088824318781716,0.04329216990589473,0.04248268566413962,0.042685725377977525,0.043391241983114275,0.044166943568999396,0.044811451530040035,0.04525290131128979
3.141592653589793,3.3280640292182038,0.0460247705222974,0.04539647623269752,0.04200106169819779,0.03924633092927522,0.03771443351942072,0.037683720301829295,0.038701283129800125,0.040045663497602,0.041213584985563094,0.042039592293652985,0.04251288945771104
2.9264783717135487,3.8277346151647897,0.04602497964900953,0.049097031416338255,0.05677040123508418,0.06622075436940457,0.07387400729648692,0.07886273115827279,0.08147203570120844,0.08237204778614458,0.08230407828840398,0.08184802916118604,0.0813673759095168
3.141592653589793,3.659282881945647,0.0460247632946676,0.044738832685692405,0.04387418856489561,0.04711278654885106,0.05174489868139349,0.05617635485863775,0.059570149842502085,0.061621659611818896,0.06252228862285575,0.06272502218041054,0.06258682905570627
2.9782692028226574,4.088744091750803,0.04602567702298255,0.05722466304367694,0.07900497219896298,0.10478111804198596,0.12712926710349545,0.14124350216647744,0.14748911808722234,0.1485355247585358,0.14706724688375494,0.14488603930904073,0.1429982973243543
3.141592653589793,3.9852433326788868,0.04602476220091364,0.04604368809774866,0.05429724451783865,0.06896827816275006,0.08415107787495751,0.09562250643613784,0.10215704786974229,0.10463698614751445,0.10464651011028801,0.10362256754281358,0.10244203170814802
3.1415926535897927,4.273664513462346,0.04602476843177916,0.05210973953579249,0.07329705702376378,0.10177055414566251,0.12912178458847812,0.14832907680974103,0.15796088114010534,0.16054672787665913,0.15935006878230148,0.1568664680923749,0.15451064625406324
